-3356.3682 -638.469 60.923664
-3355.3203 -635.1002 62.53884
-3354.2822 -631.7626 60.257076
-3353.2385 -628.4071 59.76493
-3352.199 -625.06506 59.20123
-3351.153 -621.70294 58.630863
-3349.6914 -618.566 57.93473
-3347.4568 -615.8551 56.96503
-3345.2053 -613.1936 56.05001
-3342.9404 -610.51605 55.21354
-3340.6846 -607.8385 54.45993
-3338.4197 -605.1717 53.803577
-3336.1592 -602.4995 53.2329
-3333.899 -599.8166 52.75225
-3331.6338 -597.1498 52.373703
-3329.369 -594.4722 52.075947
-3327.1086 -591.80005 51.860493
-3324.8481 -589.12787 51.678333
-3322.5833 -586.4503 51.54365
-3320.3274 -583.78345 51.41014
-3318.0625 -581.1059 51.28143
-3315.7976 -578.4284 51.161144
-3313.5461 -575.7669 51.040207
-3311.2812 -573.08936 50.91407
-3309.021 -570.4172 50.777275
-3306.7515 -567.73425 50.62039
-3304.4866 -565.05676 50.441902
-3302.2217 -562.3792 50.244656
-3299.9612 -559.70703 49.991196
-3297.6963 -557.0295 49.691387
-3295.4358 -554.3573 49.329163
-3293.1755 -551.6851 48.806816
-3290.915 -549.01294 48.1723
-3288.6548 -546.3407 47.38083
-3286.3943 -543.6685 46.38599
-3284.1384 -541.0017 45.26374
-3281.869 -538.3188 43.898746
-3279.6086 -535.6466 42.40632
-3277.3481 -532.9744 40.87719
-3275.0923 -530.30756 39.23671
-3272.8274 -527.63 37.575493
-3270.5625 -524.9525 35.85334
-3268.3066 -522.28564 34.117207
-3266.0417 -519.60815 32.402615
-3263.7769 -516.9306 30.708824
-3261.5164 -514.2584 29.156954
-3259.2559 -511.5862 27.724472
-3256.9956 -508.914 26.928318
-3254.7397 -506.24716 26.328842
-3252.4749 -503.56964 25.737478
-3250.2144 -500.89746 25.235191
-3247.9539 -498.22525 24.902418
-3245.689 -495.54773 24.62976
-3243.4287 -492.87552 24.513777
-3241.171 -490.2064 24.510885
-3238.9197 -487.5449 24.699183
-3236.6516 -484.86365 25.096767
-3234.3867 -482.18622 25.649027
-3232.1216 -479.5087 26.179415
-3229.7842 -476.92545 26.492619
-3227.3318 -474.44562 26.422626
-3224.8657 -471.9521 26.174568
-3222.4045 -469.46356 25.914745
-3219.9385 -466.97003 25.606405
-3216.6448 -466.42712 25.206121
-3213.1519 -466.40778 24.789392
-3210.1206 -465.2575 24.481962
-3207.6594 -462.76895 24.318441
-3205.2017 -460.28372 24.293205
-3202.7488 -457.80365 24.650517
-3200.4646 -455.1649 25.178137
-3202.0576 -452.1841 24.7885
-3204.194 -449.41193 26.363298
-3206.1462 -446.584 23.87395
-3205.697 -443.11523 24.111324
-3205.248 -439.64734 24.62312
-3204.7996 -436.18326 25.343243
-3204.3499 -432.70142 26.127077
-3203.8994 -429.23038 26.851383
-3203.45 -425.75937 27.52018
-3203.0022 -422.30176 28.107414
-3202.5532 -418.83447 28.496334
-3202.1038 -415.36346 28.763538
-3201.654 -411.88922 28.915241
-3201.2046 -408.4182 28.977188
-3200.756 -404.95413 28.94297
-3200.305 -401.4692 28.849047
-3199.8564 -398.00513 28.63062
-3199.406 -394.52716 28.3069
-3198.9575 -391.06308 27.878649
-3198.5063 -387.5782 27.398392
-3198.0576 -384.11407 26.880959
-3197.6074 -380.6361 26.364565
-3197.157 -377.15817 25.977068
-3196.7085 -373.6953 25.825535
-3196.2612 -370.23953 25.990486
-3195.8108 -366.76157 26.58686
-3195.363 -363.3045 27.38803
-3194.9138 -359.83566 28.309826
-3194.4636 -356.3577 29.259218
-3194.0132 -352.87973 30.193695
-3193.5637 -349.4087 31.087133
-3193.1162 -345.95157 31.930569
-3192.6658 -342.4736 32.72107
-3192.2163 -339.00256 33.445446
-3191.7668 -335.53156 34.124794
-3191.319 -332.07272 34.737625
-3190.8691 -328.59897 35.245712
-3190.419 -325.121 35.60728
-3189.052 -322.01724 36.017292
-3186.4915 -319.64554 36.560154
-3183.7126 -317.53162 37.10524
-3180.927 -315.4125 38.607105
-3178.1416 -313.29337 38.29261
-3175.3618 -311.17874 38.580467
-3172.5706 -309.0554 38.989445
-3169.7961 -306.94473 39.33629
-3166.9995 -304.81714 39.60448
-3164.2195 -302.70224 39.742977
-3161.4229 -300.57465 39.805176
-3158.6316 -298.4513 39.80183
-3155.8518 -296.3279 39.716778
-3153.2993 -293.96503 39.57355
-3151.6038 -290.9032 39.40732
-3150.0903 -287.7509 39.220924
-3148.6802 -284.53998 39.061665
-3147.2725 -281.33545 38.95232
-3145.8706 -278.1438 38.92728
-3144.4585 -274.9285 39.002853
-3143.0547 -271.73264 39.169468
-3141.6482 -268.53094 39.4285
-3140.2412 -265.3274 39.750366
-3138.8337 -262.1229 40.057625
-3137.4282 -258.92365 40.295918
-3136.0208 -255.71913 40.514103
-3134.6104 -252.50821 40.595795
-3133.205 -249.309 40.644512
-3131.8003 -246.1109 40.611942
-3130.39 -242.9 40.504498
-3128.9795 -239.68907 40.436695
-3127.5767 -236.49524 40.471455
-3126.169 -233.29073 40.567223
-3124.7397 -230.08975 40.688633
-3122.934 -227.1006 41.105316
-3121.1262 -224.10806 41.78393
-3119.3232 -221.12375 42.785435
-3117.5098 -218.12202 44.081745
-3115.7 -215.12657 45.402733
-3113.8193 -212.27913 46.550037
-3111.4644 -209.71442 47.541996
-3109.5066 -206.8141 47.95119
-3107.5486 -203.91309 47.674923
-3105.5867 -201.00626 47.248535
-3103.6326 -198.11104 46.64921
-3101.6743 -195.21 45.911385
-3099.7163 -192.30899 45.222355
-3097.7544 -189.40216 44.956
-3095.8008 -186.50772 44.880234
-3093.953 -183.58423 45.000175
-3094.6182 -180.1552 44.638504
-3095.285 -176.71928 44.392593
-3095.2732 -173.42775 44.44895
-3095.94 -169.99223 44.579155
-3096.6052 -166.5632 44.57968
-3097.2722 -163.1273 44.425266
-3097.9402 -159.68454 44.296326
-3098.607 -156.24863 44.12477
-3099.2737 -152.81273 43.78983
-3099.9392 -149.3837 43.31341
-3100.6072 -145.94092 42.860954
-3101.274 -142.50502 42.370667
-3101.9395 -139.07599 41.785652
-3102.6077 -135.63321 41.408886
-3103.0977 -132.17825 41.252827
-3104.164 -129.12576 41.16901
-3106.2644 -126.31639 41.252888
-3107.4075 -123.27763 41.432793
-3107.105 -119.78601 41.757244
-3106.8032 -116.3049 42.22023
-3106.5015 -112.81794 42.73906
-3106.1997 -109.33098 43.35583
-3105.898 -105.84828 44.052757
-3105.5967 -102.3683 44.911945
-3105.295 -98.88134 45.95407
-3104.993 -95.39189 47.210217
-3104.6904 -91.89796 48.67282
-3104.3882 -88.40597 49.860806
-3104.0874 -84.932465 50.94008
-3103.7861 -81.45248 51.885418
-3103.484 -77.96201 52.686226
-3103.1826 -74.482025 53.196747
-3102.8806 -70.99183 53.38152
-3102.5796 -67.51707 53.31079
-3102.2795 -64.04916 53.32749
-3101.9778 -60.563133 53.56852
-3101.6768 -57.086235 53.906162
-3101.3755 -53.603607 54.24605
-3101.0745 -50.126953 54.673794
-3100.773 -46.644325 55.25119
-3100.4712 -43.159782 55.858837
-3100.17 -39.678925 56.44655
-3099.8674 -36.184994 57.01319
-3099.5662 -32.70501 57.555157
-3099.2642 -29.21805 57.959824
-3098.9617 -25.724117 58.352142
-3098.6604 -22.241604 58.848103
-3100.5803 -19.378382 58.806797
-3102.52 -16.47032 59.04079
-3101.7886 -13.084412 60.083347
-3101.6118 -9.803334 61.02101
-3100.6943 -6.5201178 62.139153
-3099.7317 -3.075099 63.288933
-3098.7876 0.30250168 64.42586
-3097.846 3.6729362 65.59185
-3096.9058 7.037054 66.75493
-3095.9653 10.402789 67.92607
-3095.0264 13.763272 69.13428
-3094.0842 17.134132 70.354385
-3093.1392 20.51562 71.28751
-3092.2263 23.82986 72.30801
-3091.7666 27.082928 73.33311
-3090.5117 30.35018 74.32667
-3089.2515 33.6305 75.10547
-3087.9966 36.89775 75.64422
-3086.7444 40.157585 76.10421
-3085.414 43.38428 76.45517
-3083.8572 46.518925 76.75834
-3082.2983 49.65744 77.017746
-3080.7446 52.785812 77.24079
-3079.187 55.921314 77.42776
-3077.72 59.09659 77.60201
-3076.4062 62.33312 77.71765
-3075.0925 65.56965 77.79057
-3073.7764 68.81215 77.82012
-3072.4587 72.05781 77.88042
-3071.1445 75.29601 77.89206
-3069.8308 78.53234 77.85735
-3069.65 81.75651 77.89318
-3070.6396 85.09537 77.978325
-3070.0977 88.28067 78.03424
-3068.1516 91.16832 78.04104
-3066.3667 94.17723 77.972336
-3064.6357 97.21821 77.9932
-3062.903 100.2616 78.02776
-3061.1711 103.30383 78.03
-3059.443 106.339386 77.95148
-3057.7114 109.38103 77.75454
-3055.7483 112.281654 77.30674
-3053.798 115.18095 76.70097
-3051.9392 118.142845 76.08365
-3049.9863 121.055824 75.34578
-3048.0334 123.968796 74.600426
-3046.0806 126.881775 73.85151
-3044.1394 129.77731 73.2293
-3042.1865 132.69028 72.75609
-3040.234 135.60326 72.33708
-3038.281 138.51624 71.851746
-3036.332 141.4234 71.34287
-3034.387 144.32474 70.81382
-3032.434 147.23772 70.46031
-3030.2415 149.93663 70.3594
-3027.6072 152.24098 70.3134
-3024.973 154.54535 70.22662
-3022.3384 156.84972 69.99671
-3019.6987 159.15869 69.72615
-3017.0696 161.45845 69.561775
-3014.441 163.7578 69.50231
-3011.8105 166.05875 69.617935
-3009.1895 168.35146 69.63633
-3006.5552 170.65582 69.58814
-3004.116 172.87498 69.59281
-3001.7627 175.05542 69.61864
-2998.3445 175.77463 69.797844
-2994.9058 176.49815 70.16818
-2991.49 177.21684 70.676956
-2988.0652 177.93748 71.14586
-2984.6377 178.64449 71.47731
-2981.145 178.77657 73.19261
-2977.6506 178.90025 71.98508
-2974.146 179.0243 73.504166
-2970.6482 179.14812 72.32157
-2967.1545 179.27179 73.292885
-2963.6497 179.39584 72.199745
-2960.1685 179.51909 71.71773
-2956.6707 179.64288 71.65761
-2953.1658 179.76695 71.54924
-2949.668 179.89075 71.42607
-2946.1926 179.83746 71.32716
-2942.8037 179.1164 71.349655
-2939.3887 178.38965 71.413315
-2935.9543 177.65887 71.59885
-2932.531 176.93042 71.94332
-2929.1145 176.20343 72.451454
-2925.6912 175.47498 73.14178
-2922.261 174.74506 73.805435
-2918.8374 174.0166 74.374535
-2915.414 173.28815 74.77974
-2911.9844 172.55826 75.005356
-2908.561 171.8298 75.094154
-2905.1377 171.10135 75.02681
-2901.714 170.3729 74.83074
-2898.2908 169.64444 74.51392
-2894.8674 168.91599 74.08577
-2891.444 168.18753 73.55666
-2888.0276 167.46054 72.93218
-2884.6042 166.73207 72.20389
-2881.1672 166.0007 71.35605
-2877.894 166.01271 70.313354
-2874.9294 167.8818 69.00657
-2871.6855 169.19615 67.71567
-2868.389 170.33546 66.48019
-2864.9255 170.71399 65.38778
-2861.4302 170.53552 64.64373
-2857.9417 170.3567 66.03445
-2854.5598 169.91216 63.191288
-2852.2144 167.31432 63.035656
-2849.1907 166.07811 62.64619
-2845.7546 165.45068 62.087532
-2842.9683 163.8048 61.34438
-2840.978 160.92563 60.695774
-2838.988 158.04646 59.905807
-2836.998 155.1673 59.031208
-2835.004 152.28236 58.054226
-2833.0178 149.40897 56.91537
-2831.0276 146.5298 55.799057
-2829.0376 143.65063 54.676975
-2827.0435 140.7657 53.556675
-2825.0574 137.8923 52.411488
-2823.0674 135.01314 51.255688
-2821.0732 132.1282 50.113865
-2819.0833 129.24905 49.12764
-2817.0933 126.36988 48.062347
-2815.125 123.484795 47.126167
-2813.3215 120.47793 46.29524
-2811.6797 117.39486 45.47368
-2810.0312 114.29943 44.568886
-2808.386 111.21018 43.5613
-2806.741 108.12093 42.568848
-2805.0989 105.037865 41.424652
-2803.4504 101.94244 40.239426
-2801.7988 98.84083 39.051025
-2800.1602 95.76393 37.81067
-2798.5117 92.6685 36.63175
-2796.8667 89.579254 35.439747
-2795.2214 86.490005 34.2986
-2794.114 83.18073 33.22999
-2793.148 79.81669 32.197433
-2792.1162 76.46758 31.194736
-2791.8228 73.21786 30.332073
-2790.6736 69.904465 29.400597
-2789.5269 66.59769 28.48794
-2788.3823 63.297523 27.5421
-2787.2354 59.990746 26.589508
-2786.0886 56.683968 25.594357
-2784.942 53.37719 24.565718
-2783.795 50.07041 23.464888
-2782.6504 46.77025 22.349302
-2781.4966 43.44363 21.167625
-2780.352 40.143463 19.995232
-2779.2031 36.830074 18.850351
-2778.0586 33.529907 17.764793
-2776.9116 30.223133 16.64211
-2775.7625 26.90974 15.511556
-2774.6204 23.616188 14.434178
-2773.4734 20.30941 13.385772
-2772.322 16.98941 12.333795
-2771.1775 13.6892395 11.303899
-2770.0308 10.382462 10.288157
-2768.8838 7.0756836 9.266977
-2767.737 3.7689056 8.255473
-2766.2126 0.6212584 7.2268543
-2764.524 -2.444425 6.2303734
-2762.8386 -5.503978 5.2932353
-2761.1465 -8.575792 4.386084
-2759.458 -11.641476 3.5086825
-2757.7693 -14.707161 2.6594985
-2756.084 -17.766714 1.8613704
-2754.3953 -20.832396 1.0915738
-2752.7031 -23.904211 0.37139592
-2751.0146 -26.969894 -0.33402005
-2749.4006 -30.064156 -1.0097812
-2748.061 -33.297684 -1.652235
-2746.719 -36.537678 -2.269254
-2745.3794 -39.771206 -2.8565311
-2744.04 -43.00473 -3.4317966
-2742.7031 -46.231792 -3.9914813
-2741.3635 -49.46532 -4.537827
-2740.0215 -52.705315 -5.0452094
-2738.1353 -55.639996 -5.5115614
-2736.1113 -58.495518 -5.93131
-2734.0874 -61.35104 -6.324584
-2732.0676 -64.20085 -6.7060485
-2729.6343 -66.70921 -7.0418224
-2727.066 -69.08694 -7.342313
-2724.4873 -71.47417 -7.6302633
-2724.3188 -74.9489 -8.039879
-2722.1643 -77.50997 -8.294043
-2719.596 -79.887695 -8.441353
-2717.0225 -82.27017 -8.561882
-2714.454 -84.64789 -8.65874
-2711.891 -87.02086 -8.748929
-2709.3228 -89.398575 -8.795899
-2706.7507 -91.77939 -8.821748
-2704.1843 -94.1552 -8.7895565
-2701.6182 -96.53084 -8.695752
-2699.055 -98.9038 -8.544107
-2696.4866 -101.281525 -8.344129
-2693.913 -103.664 -8.112898
-2691.3499 -106.03697 -7.910051
-2688.7815 -108.41469 -7.714504
-2686.2131 -110.79241 -7.576156
-2683.6396 -113.17489 -7.4719286
-2681.0764 -115.54785 -7.3910403
-2677.953 -116.79742 -7.156034
-2674.587 -117.762535 -6.8880467
-2671.2896 -118.9146 -5.2290244
-2667.988 -120.06803 -6.5078597
-2664.692 -121.21953 -6.345592
-2661.4333 -122.478325 -6.2414184
-2659.7246 -125.354385 -6.552055
-2658.3801 -128.57828 -6.959688
-2657.0276 -131.82156 -7.330474
-2655.6804 -135.05193 -7.658736
-2654.3333 -138.28229 -7.943175
-2652.9888 -141.5062 -8.170801
-2651.639 -144.74301 -8.370949
-2650.2947 -147.96692 -8.517284
-2648.9448 -151.20374 -8.64429
-2647.5977 -154.4341 -8.73204
-2646.2505 -157.66446 -8.837626
-2644.9033 -160.89482 -8.890433
-2643.5588 -164.11873 -7.2808237
-2642.214 -167.3435 -8.980423
-2640.859 -170.59325 -9.022742
-2639.7507 -173.89133 -9.042841
-2638.9058 -177.28061 -9.109534
-2638.0576 -180.68349 -9.075644
-2637.217 -184.05548 -9.068278
-2636.3704 -187.45238 -9.057857
-2635.5254 -190.84166 -9.110469
-2634.672 -194.26491 -9.1962595
-2633.8289 -197.6474 -9.281088
-2632.9807 -201.05026 -9.34612
-2632.1409 -204.41864 -9.374831
-2631.291 -207.8283 -9.406144
-2630.446 -211.21758 -9.414966
-2629.6003 -214.6112 -9.410739
-2628.754 -218.00763 -9.387913
-2627.909 -221.39691 -9.341265
-2627.064 -224.787 -9.27173
-2626.217 -228.18402 -9.255959
-2625.401 -231.45784 -9.249472
-2624.5562 -234.84712 -9.27735
-2623.7078 -238.25006 -9.31106
-2622.8645 -241.63396 -9.3399
-2622.0193 -245.02432 -9.410904
-2621.1729 -248.42041 -9.428099
-2620.3262 -251.81648 -9.4367285
-2619.4797 -255.21255 -9.449945
-2618.6328 -258.6109 -9.45478
-2617.7861 -262.00696 -7.8838625
-2616.9412 -265.39597 -9.472808
-2616.093 -268.79883 -7.8609343
-2615.2183 -272.1816 -9.460395
-2613.9397 -275.4398 -7.8302665
-2612.6628 -278.6946 -9.426778
-2611.3894 -281.9398 -7.786631
-2610.1096 -285.2017 -9.424624
-2608.8313 -288.4599 -9.424624
-2607.553 -291.7181 -9.424624
-2606.2722 -294.98282 -9.424624
-2604.994 -298.24103 -9.424624
-2603.7153 -301.4992 -9.424624
-2602.4397 -304.75092 -9.424624
-2601.1587 -308.01562 -9.424624
-2599.8804 -311.2738 -9.424624
-2598.602 -314.532 -9.424624
-2597.3264 -317.7837 -9.424624
-2596.0454 -321.0484 -9.424624
-2594.767 -324.3066 -9.424624
-2593.4888 -327.56482 -9.424624
-2592.2104 -330.823 -9.424624
-2590.9321 -334.0812 -9.424624
-2589.6511 -337.34595 -9.424624
-2588.3728 -340.60413 -9.424624
-2587.1018 -343.84464 -9.413024
-2585.826 -347.09634 -9.402165
-2584.548 -350.35306 -9.391403
-2583.2673 -353.61777 -9.389852
-2581.991 -356.8704 -9.391185
-2580.7102 -360.1351 -9.401707
-2579.432 -363.3933 -9.419221
-2578.1536 -366.65152 -9.423455
-2576.8796 -369.8981 -9.413962
-2575.6016 -373.15533 -9.395049
-2574.3274 -376.404 -9.353493
-2572.5034 -379.3477 -9.223511
-2570.3735 -382.1249 -9.086917
-2568.2476 -384.89655 -8.951715
-2566.1133 -387.67932 -8.834713
-2563.9875 -390.451 -8.737925
-2561.8489 -393.2393 -8.657552
-2559.719 -396.0165 -8.600395
-2557.5889 -398.79373 -8.616949
-2555.4614 -401.5674 -8.651039
-2553.3315 -404.34464 -8.708145
-2551.1973 -407.1274 -8.797528
-2549.0671 -409.9046 -8.815623
-2546.9412 -412.67648 -8.762844
-2544.8157 -415.44815 -8.763429
-2542.69 -418.21982 -8.770169
-2540.5557 -421.00256 -8.787684
-2538.4214 -423.78534 -8.820343
-2536.287 -426.5681 -8.853643
-2534.157 -429.3453 -8.880011
-2532.0269 -432.12253 -8.938658
-2529.897 -434.89975 -8.99063
-2527.7668 -437.67694 -9.066603
-2525.6367 -440.45416 -9.1144705
-2523.5024 -443.23694 -9.167729
-2521.3767 -446.00858 -9.217779
-2519.2515 -448.77972 -9.25286
-2517.1257 -451.5514 -9.277469
-2515.0002 -454.32257 -9.285418
-2512.8657 -457.10535 -9.319873
-2511.8552 -460.18774 -9.362063
-2509.7432 -462.94138 -9.349812
-2507.613 -465.7297 -9.368609
-2505.4744 -468.50693 -9.3829155
-2503.3486 -471.27856 -9.405308
-2501.2185 -474.0558 -9.416727
-2498.702 -476.4815 -9.420961
-2496.133 -478.84842 -9.423784
-2493.554 -481.22482 -9.423784
-2491.1257 -483.73563 -9.423784
-2488.8882 -486.43597 -9.423784
-2486.6638 -489.12015 -9.423784
-2484.4263 -491.8205 -9.423784
-2482.1929 -494.51544 -9.423784
-2479.9597 -497.2104 -9.423784
-2477.7222 -499.91074 -9.423784
-2475.4934 -502.6003 -9.423784
-2473.2603 -505.2953 -9.423784
-2471.0225 -507.9956 -9.423784
-2468.794 -510.68518 -7.785157
-2467.0125 -512.83496 -9.424339
