-3324.1382 -739.52106 50.10075
-3326.4617 -739.03864 50.654476
-3329.187 -737.2525 51.363003
-3331.2063 -734.3836 52.05123
-3333.1636 -731.47565 52.770874
-3335.1758 -728.6142 53.568047
-3337.4634 -725.9573 54.471436
-3340.1628 -723.7472 55.506737
-3342.8896 -721.56036 56.578156
-3345.62 -719.3706 57.650642
-3348.3506 -717.18085 58.7604
-3351.0808 -714.9911 59.80694
-3353.8987 -712.73126 60.86107
-3356.6238 -710.5456 61.77795
-3359.3545 -708.3558 62.62931
-3362.0847 -706.166 63.340206
-3364.8677 -704.1583 64.062935
-3368.1528 -703.8361 65.19375
-3371.6453 -704.0678 66.50693
-3375.1248 -704.46375 67.84852
-3377.5723 -706.60547 69.1211
-3380.1184 -707.08014 70.12377
-3379.5007 -703.8755 69.34181
-3379.246 -700.41724 68.54564
-3379.877 -696.9737 69.00794
-3380.6672 -693.5569 69.34519
-3381.5203 -690.15466 67.212875
-3382.4553 -686.78186 66.923546
-3383.3887 -683.41583 66.75414
-3384.321 -680.05225 66.7678
-3385.224 -676.66406 66.94253
-3386.918 -673.74677 67.66672
-3389.274 -671.4006 68.82098
-3389.348 -669.4069 69.05748
-3390.174 -666.0192 69.93669
-3390.7878 -662.5732 70.95227
-3391.1653 -659.7078 71.8973
-3392.751 -656.7167 73.58346
-3394.41 -653.63513 75.424866
-3394.973 -650.17413 76.83885
-3395.5269 -646.71826 78.185234
-3394.7646 -643.6148 78.60961
-3392.3152 -641.1228 77.90195
-3389.4604 -639.14465 76.76913
-3386.591 -640.7973 74.91444
-3384.216 -643.3644 73.44715
-3382.1099 -646.1596 74.685585
-3379.9993 -648.9604 71.08925
-3378.009 -651.8296 70.43757
-3376.063 -654.7556 68.76604
-3374.1233 -657.6727 65.28356
-3372.1772 -660.59875 66.07179
-3370.243 -663.50726 62.037376
-3368.305 -666.42163 63.219864
-3366.3628 -669.3418 60.792973
-3364.6465 -672.38574 59.113827
-3362.9966 -675.4884 58.63697
-3361.35 -678.58484 58.33202
-3359.7136 -681.6628 58.144096
-3358.0671 -684.7593 58.048717
-3356.4268 -687.84393 58.03646
-3354.7864 -690.9286 58.07525
-3353.146 -694.0138 58.12265
-3351.7383 -697.1995 58.24176
-3352.7493 -700.5291 59.152298
-3354.1194 -703.7457 60.135406
-3355.4858 -706.96747 61.03194
-3356.8364 -710.2039 61.83087
-3358.1396 -713.4522 62.489582
-3359.3613 -716.7282 63.00728
-3360.556 -720.01196 63.328465
-3361.6978 -723.3131 63.494316
-3362.8208 -726.6206 63.567684
-3363.84 -729.975 63.536892
-3364.5417 -733.3956 63.32932
-3364.9617 -736.8695 62.992405
-3362.7634 -738.63873 61.84441
-3359.5017 -737.3993 60.736443
-3356.3489 -735.8633 61.6843
-3353.2026 -734.3303 60.69461
-3351.56 -733.53015 58.262188
