-1567.9357 -424.3262 -40.93674
-1567.4536 -423.97903 -40.939823
-1564.4492 -422.17 -41.04
-1561.7229 -419.9878 -41.20786
-1559.4446 -417.3408 -41.448048
-1557.665 -414.33945 -41.70475
-1556.728 -410.99194 -41.89701
-1558.2788 -408.0023 -41.85615
-1561.4127 -406.52167 -41.68087
-1564.9127 -406.3373 -41.488297
-1568.412 -406.34454 -41.341415
-1571.0967 -407.0057 -41.195465
-1571.5143 -410.04932 -40.927288
-1570.9836 -413.5176 -40.732998
-1569.0183 -416.34396 -40.760803
-1565.7942 -417.36432 -40.93305
-1562.8663 -415.53857 -41.17647
-1560.6991 -412.84033 -41.45058
-1560.0876 -411.1573 -41.558247
