-950.93835 -2509.8083 95.74719
-951.6458 -2509.4705 95.73538
-954.80414 -2507.9622 95.63823
-957.97516 -2506.448 95.419075
-961.1335 -2504.9397 95.26162
-964.2918 -2503.4314 95.151886
-967.4691 -2501.914 94.96969
-970.6338 -2500.4028 94.62666
-973.5647 -2499.0032 94.20812
-976.9694 -2497.3772 93.80473
-980.1341 -2495.866 93.48317
-983.2924 -2494.3577 93.064835
-986.4634 -2492.8433 92.844925
-989.2933 -2491.492 92.61115
-992.7864 -2489.8237 92.260864
-995.9574 -2488.3096 91.86974
-999.1157 -2486.8013 91.7477
-1002.2804 -2485.29 91.704185
-1005.44507 -2483.7786 91.68019
-1008.616 -2482.2644 91.67044
-1011.77435 -2480.756 91.66749
-1014.9453 -2479.2417 91.66749
-1018.11 -2477.7305 91.66749
-1021.25104 -2476.2305 91.667625
-1024.4655 -2474.8125 91.66827
-1027.8558 -2474.1318 91.67602
-1031.3148 -2473.4375 91.69076
-1034.767 -2472.7444 91.70774
-1038.0962 -2472.076 91.72208
-1041.585 -2471.3757 91.782
-1044.8586 -2470.7185 91.98324
-1048.4897 -2469.9893 92.06095
-1051.8663 -2469.3115 91.87603
-1054.6459 -2468.7534 91.76054
-1058.7585 -2467.9277 91.70496
-1062.2194 -2467.233 91.68085
-1065.6783 -2466.5383 91.66694
-1069.1052 -2465.8506 91.69916
-1072.285 -2465.2122 91.68628
-1075.966 -2464.4731 91.66492
-1079.3943 -2463.785 91.79183
-1082.7983 -2463.1016 92.0746
-1086.2657 -2462.4055 92.51634
-1089.7195 -2461.7122 93.03705
-1092.9756 -2461.0586 93.496956
-1096.5787 -2460.3352 93.862686
-1100.0194 -2459.6445 94.08645
-1103.383 -2458.9692 94.292694
-1106.8063 -2458.282 94.48578
-1110.2866 -2457.5947 94.68391
-1113.4799 -2457.0825 94.83867
-1117.2506 -2456.6309 94.95794
-1120.5012 -2456.4617 95.001305
-1124.2582 -2456.2659 95.042946
-1127.7534 -2456.084 95.03128
-1131.2417 -2455.902 95.02414
-1134.527 -2455.731 95.02871
-1138.1305 -2455.543 95.040344
-1141.7108 -2455.3564 95.050354
-1145.227 -2455.1733 95.04781
-1148.4846 -2455.0037 95.057236
-1151.959 -2454.8228 95.0645
-1155.643 -2454.6309 95.0599
-1159.2225 -2454.444 95.05234
-1162.606 -2454.2678 94.9997
-1165.9474 -2454.0938 94.87523
-1169.7175 -2453.9438 94.85102
-1173.2095 -2454.005 94.7243
-1176.7207 -2454.1448 94.54221
-1180.057 -2454.2778 94.393
-1183.7151 -2454.4236 94.34781
-1187.2194 -2454.5635 94.298256
-1190.5979 -2454.794 94.19889
-1193.9608 -2455.143 94.03412
-1197.6927 -2455.5308 93.79521
-1200.972 -2455.8713 93.5092
-1204.6622 -2456.2544 93.22408
-1208.1436 -2456.616 92.98734
-1211.6387 -2456.9788 92.773575
-1215.127 -2457.341 92.57016
-1218.5596 -2457.6975 92.382324
-1221.7902 -2458.033 92.22575
-1225.5708 -2458.4255 92.07484
-1229.0521 -2458.787 91.979095
-1232.3105 -2459.1252 91.95702
-1236.0187 -2459.5105 92.09438
-1239.0195 -2459.8223 92.37848
-1242.9883 -2460.2341 92.942924
-1246.4764 -2460.5964 93.51928
-1249.8812 -2460.95 94.031624
-1253.428 -2461.318 94.337494
-1256.9161 -2461.6804 94.39924
-1260.3846 -2462.0405 94.356445
-1263.8673 -2462.402 94.47572
-1267.1049 -2462.7383 94.757256
-1270.8318 -2463.1252 94.98286
-1274.3269 -2463.4883 95.13802
-1277.8013 -2463.8489 95.23111
-1281.0304 -2464.184 95.26813
-1284.7554 -2464.5708 95.3302
-1288.2437 -2464.933 95.35834
-1291.7233 -2465.2942 95.38155
-1295.192 -2465.6543 95.50315
-1298.6732 -2466.0159 95.66063
-1302.1475 -2466.3767 95.92863
-1305.6407 -2466.7393 96.2017
-1309.1046 -2467.099 96.39437
-1312.4954 -2467.4512 96.50732
-1315.8304 -2467.7974 96.56488
-1319.5645 -2468.1853 96.624405
-1322.7046 -2468.5115 96.634094
-1326.533 -2468.9092 96.61695
-1330.0219 -2469.2712 96.55671
-1333.4614 -2469.6282 96.50913
-1336.9775 -2469.9949 96.559044
-1340.4746 -2470.3564 96.62923
-1343.7329 -2470.6948 96.70811
-1347.1671 -2471.0515 96.80916
-1350.8433 -2471.4333 96.89122
-1354.3943 -2471.802 96.93425
-1357.604 -2472.1353 96.8498
-1361.0435 -2472.4924 96.62036
-1364.8221 -2472.8848 96.6398
-1368.3313 -2473.2493 96.77315
-1371.8057 -2473.6099 96.883736
-1375.2981 -2473.9727 96.97596
-1378.7793 -2474.3342 97.161674
-1381.9071 -2474.6592 97.42022
-1385.7511 -2475.058 97.68606
-1389.2185 -2475.4182 97.84008
-1392.7096 -2475.7808 97.96361
-1395.8635 -2476.1084 97.96549
-1399.6716 -2476.5037 97.95269
-1402.9092 -2476.8398 97.9301
-1406.5281 -2477.2156 97.92746
-1409.8806 -2477.564 97.94789
-1413.5367 -2477.9434 97.9752
-1417.0715 -2478.3103 98.00598
-1420.5458 -2478.6711 98.00164
-1424.0271 -2479.0327 97.93824
-1427.5084 -2479.394 97.836105
-1430.9896 -2479.7556 97.706985
-1434.4849 -2480.1184 97.53322
-1437.9662 -2480.48 97.28658
-1441.4474 -2480.8416 97.082855
-1444.8191 -2481.4292 96.91626
-1446.9022 -2483.995 97.08481
-1449.2185 -2486.8481 97.210365
-1451.429 -2489.5708 97.220406
-1453.6364 -2492.2898 97.2008
-1455.8424 -2495.007 96.63203
-1458.0485 -2497.7244 96.17405
-1460.2544 -2500.4414 95.84867
-1462.4692 -2503.1697 95.79167
-1464.6797 -2505.8923 95.78859
-1466.8813 -2508.6042 95.7421
-1469.26 -2511.0012 95.65651
-1472.7396 -2511.3623 95.69355
-1476.1722 -2511.7188 95.646515
-1479.7023 -2512.0854 95.40118
-1483.0164 -2512.4294 94.69868
-1486.6787 -2512.8098 93.51589
-1490.16 -2513.1714 91.90083
-1493.6492 -2513.158 91.515564
-1497.0858 -2512.54 91.515564
-1500.5321 -2511.8904 91.52122
-1503.7445 -2511.2847 91.63038
-1507.405 -2510.5945 92.063545
-1510.8513 -2509.9448 92.49712
-1513.875 -2510.8467 92.951996
-1516.9232 -2511.171 93.346855
-1520.3901 -2510.5173 93.713005
-1524.0771 -2509.8223 93.97705
-1527.4065 -2509.1946 94.11806
-1530.995 -2508.7937 94.24085
-1534.2513 -2508.7068 94.31621
-1537.9803 -2508.829 94.367325
-1540.7229 -2508.919 94.39327
-1544.9688 -2509.0583 94.43439
-1548.4739 -2509.173 94.47512
-1551.6857 -2509.2783 94.52359
-1555.4777 -2509.4028 94.59732
-1558.9689 -2509.5173 94.672264
-1562.46 -2509.6318 94.74828
-1565.9712 -2509.747 94.80263
-1569.1615 -2509.8516 94.81057
-1572.8206 -2509.9717 94.742294
-1576.3956 -2510.0889 94.593666
-1579.9777 -2510.2063 94.38733
-1583.4309 -2510.7515 94.07631
-1586.7756 -2511.479 93.71931
-1590.1342 -2512.2097 93.363594
-1593.6567 -2512.976 92.952736
-1597.0563 -2513.7156 92.48114
-1600.4489 -2514.4536 92.061874
-1603.8347 -2515.1902 91.84885
-1607.2136 -2515.9253 91.75771
-1610.6884 -2516.6812 91.71741
-1614.2384 -2517.4534 91.71218
-1617.6515 -2518.196 91.703354
-1621.0647 -2518.9385 91.67178
-1624.4847 -2519.6824 91.67178
-1627.7742 -2520.4006 91.67178
-1631.1716 -2521.6719 91.67068
-1634.401 -2523.0186 91.69067
-1637.4188 -2524.3464 91.68715
-1640.8212 -2525.8433 91.641464
-1644.0183 -2527.2498 91.53654
-1647.0247 -2528.5725 91.72422
-1650.2987 -2530.0132 91.92861
-1653.6498 -2531.4875 92.13776
-1656.597 -2532.7842 92.32095
-1659.8584 -2534.2192 92.52426
-1663.2671 -2535.7188 92.736755
-1666.3169 -2537.0608 92.927
-1669.2963 -2538.3716 93.028625
-1672.8779 -2539.9475 92.80381
-1675.8573 -2541.2583 92.6185
-1679.298 -2542.772 92.40317
-1682.508 -2544.1843 92.20298
-1685.6669 -2545.5742 92.00587
-1688.877 -2546.9866 91.80594
-1692.119 -2548.4128 91.6035
-1695.5342 -2548.9612 91.416145
-1699.0529 -2549.0933 91.3458
-1702.5422 -2549.2244 91.79821
-1706.0214 -2548.9495 92.14075
-1709.2698 -2548.5256 92.21386
-1712.9585 -2548.044 92.26535
-1716.3397 -2547.1536 92.53818
-1719.6649 -2546.084 92.690445
-1722.9912 -2545.014 92.74027
-1726.2743 -2543.8257 92.773926
-1729.308 -2542.5488 92.86261
-1732.5571 -2541.008 92.89082
-1735.666 -2539.1758 92.89066
-1738.6311 -2537.303 92.8077
-1741.3417 -2535.591 92.77175
-1744.383 -2533.6702 92.7502
-1747.5138 -2531.6926 92.71227
-1750.4672 -2529.8274 92.7823
-1753.4264 -2527.9585 92.8463
-1756.3745 -2526.0964 92.839226
-1759.3455 -2524.22 92.51335
-1762.2987 -2522.3547 92.21592
-1765.2698 -2520.4783 92.04602
-1767.9647 -2518.776 92.02502
-1771.0955 -2516.7986 92.02803
-1773.9363 -2515.0044 92.01596
-1777.1204 -2512.9932 91.97719
-1780.0854 -2511.1204 91.92661
-1783.0447 -2509.2515 91.87449
-1786.0156 -2507.375 91.82647
-1788.9749 -2505.5059 91.77511
-1791.9221 -2503.6443 91.72761
-1794.7689 -2501.8462 91.69756
-1797.876 -2499.8838 91.67908
-1800.5156 -2498.2166 91.66856
-1803.7943 -2496.1458 91.667015
-1806.4635 -2494.46 91.667015
-1809.7363 -2492.3928 91.667015
-1812.6956 -2490.5237 91.667015
-1815.5288 -2488.7341 91.7615
-1818.5413 -2486.8315 91.94618
-1821.5657 -2484.9211 92.019905
-1824.365 -2483.153 92.19872
-1827.0575 -2480.9373 92.18489
-1829.4271 -2478.1304 92.28909
-1831.3451 -2475.1943 92.41195
-1833.2515 -2472.276 92.533745
-1835.177 -2469.3281 92.52156
-1837.0667 -2466.4355 92.5395
-1839.0051 -2463.4678 92.56984
-1840.9231 -2460.5317 92.55529
-1842.7402 -2457.7498 92.67629
-1844.6199 -2454.8723 93.05756
-1846.6641 -2451.7427 93.66222
-1848.5819 -2448.8066 94.29568
-1850.493 -2445.881 94.815445
-1852.8916 -2443.9016 95.18586
-1855.1859 -2441.062 95.43869
-1857.4136 -2438.411 95.71645
-1860.3165 -2436.9136 95.76246
-1862.9043 -2435.6184 95.736404
-1865.381 -2432.671 95.82292
-1867.466 -2430.1895 95.76694
-1869.8842 -2427.3115 95.791855
-1872.4203 -2425.173 95.8337
-1874.7574 -2422.3918 95.83899
-1877.018 -2419.7014 95.838005
-1879.2245 -2417.0752 95.817726
-1881.53 -2414.3313 95.78819
-1883.7861 -2411.6462 95.78819
-1885.925 -2409.1006 95.78819
-1888.1316 -2406.4746 95.78819
-1890.4281 -2403.7412 95.78819
-1892.6752 -2401.0671 95.78819
-1895.0438 -2398.248 95.78819
-1897.1467 -2395.745 95.78819
-1899.5109 -2392.9316 95.78819
-1901.6859 -2390.343 95.78819
-1903.9915 -2387.599 95.78819
-1906.306 -2384.8445 95.78819
-1908.571 -2382.1487 95.78819
-1910.8226 -2379.469 95.78819
-1913.0833 -2376.7786 95.78819
-1915.3347 -2374.0989 95.78819
-1917.5953 -2371.4087 95.78819
-1919.8513 -2368.7236 95.78819
-1922.1119 -2366.0332 95.78819
-1924.2599 -2363.4768 95.78819
-1926.615 -2360.6738 95.78819
-1928.88 -2357.9783 95.78819
-1931.1316 -2355.2986 95.78819
-1933.3876 -2352.6135 95.78819
-1935.6437 -2349.9285 95.78819
-1937.8997 -2347.2434 95.78819
-1939.9622 -2344.7888 95.78819
-1942.2227 -2342.0986 95.78819
-1944.4697 -2339.4243 95.78819
-1946.9194 -2336.509 95.78819
-1949.3478 -2333.9963 95.78819
-1951.9146 -2331.5964 95.78819
-1954.4762 -2329.2012 95.78819
-1957.0378 -2326.806 95.78819
-1959.533 -2324.473 95.78819
-1962.1458 -2322.03 95.78511
-1964.7125 -2319.63 95.77586
-1967.0288 -2317.4644 95.74839
-1969.841 -2314.8347 95.63005
-1972.4026 -2312.4395 95.37296
-1974.9694 -2310.0396 95.00493
-1977.5259 -2307.6492 94.638176
-1979.9685 -2305.4143 94.32519
-1982.7975 -2303.0469 94.0901
-1985.2506 -2300.9937 93.99594
-1988.1866 -2298.5466 93.96986
-1991.0387 -2296.519 94.01278
-1993.928 -2294.5312 94.093475
-1996.6846 -2292.6348 94.19849
-1999.7008 -2290.5598 94.35917
-2002.5945 -2288.569 94.55492
-2005.4783 -2286.5955 94.780846
-2008.4077 -2284.6802 95.03114
-2011.3319 -2282.7683 95.27919
-2014.232 -2280.8723 95.59317
-2017.2084 -2278.9263 95.92202
-2020.1699 -2277.0493 96.18306
-2023.2169 -2275.2993 96.28047
-2026.021 -2273.7515 96.25932
-2029.3425 -2271.9177 96.00451
-2032.4066 -2270.226 95.81362
-2035.4353 -2268.5542 95.821976
-2038.4014 -2266.9167 95.77394
-2041.6063 -2265.1472 95.710815
-2044.4401 -2263.6035 95.74494
-2046.866 -2262.289 95.83477
-2050.6448 -2260.2415 95.89086
-2053.9253 -2258.4639 95.79592
-2057.015 -2256.7898 95.78771
-2059.8643 -2255.2456 95.78771
-2063.0032 -2253.545 95.78771
-2066.2466 -2251.7874 95.78771
-2069.324 -2250.1199 95.78771
-2072.4011 -2248.4524 95.78771
-2075.4907 -2246.7783 95.78771
-2078.5803 -2245.1042 95.78771
-2081.6707 -2243.4294 95.79474
-2084.7295 -2241.772 97.30318
-2087.8313 -2240.0913 96.16946
-2090.908 -2238.424 96.163086
-2093.862 -2236.8232 96.15769
-2097.0625 -2235.089 96.04454
-2100.152 -2233.415 95.85314
-2103.225 -2231.75 95.83909
-2106.224 -2230.1248 95.914314
-2109.3828 -2228.4133 96.03743
-2112.263 -2226.8525 96.15356
-2115.1987 -2225.2617 96.13745
-2118.6206 -2223.4075 96.06932
-2121.704 -2221.7368 95.96514
-2124.646 -2220.1426 95.87584
-2127.6814 -2218.498 95.80651
-2130.8154 -2216.7998 95.838615
-2133.8506 -2215.1553 95.86311
-2137.0815 -2213.4043 95.845665
-2140.1897 -2211.7202 95.79843
-2142.9346 -2210.233 95.78765
-2146.3503 -2208.382 95.78765
-2149.4338 -2206.7112 95.78765
-2152.2524 -2205.1838 95.78765
-2155.5747 -2203.3838 95.79339
-2158.6643 -2201.7097 95.80513
-2161.7417 -2200.0422 95.78848
-2165.4392 -2198.0386 95.827675
-2168.3503 -2196.4612 95.80955
-2171.5322 -2194.7368 95.78772
-2174.6833 -2193.0293 95.80115
-2177.7605 -2191.362 95.788864
-2180.927 -2190.391 95.788864
-2184.5383 -2189.5952 95.78732
-2187.9785 -2189.033 95.78424
-2191.4329 -2188.4685 95.766525
-2194.8938 -2187.9028 95.7224
-2198.0925 -2187.3801 95.63878
-2201.8298 -2186.7693 95.5028
-2205.0354 -2186.2454 95.38016
-2208.7312 -2185.6414 95.263405
-2212.1924 -2185.076 95.08635
-2215.6465 -2184.5112 94.85722
-2219.1006 -2183.9468 94.7184
-2222.5686 -2183.3801 94.62731
-2226.0159 -2182.8167 94.53419
-2229.484 -2182.2498 94.44821
-2232.9382 -2181.6853 94.41125
-2236.3828 -2181.1223 94.46827
-2239.5125 -2180.6108 94.59539
-2242.6943 -2179.789 94.733925
-2246.5896 -2178.6697 94.88743
-2249.7788 -2177.267 94.91547
-2252.7993 -2175.648 94.994446
-2255.5508 -2173.3994 95.02319
-2258.0479 -2170.9172 95.05743
-2259.9978 -2168.0068 95.25829
-2261.6223 -2164.913 95.66559
-2263.2378 -2161.8315 96.13174
-2264.8628 -2158.7314 96.778206
-2266.491 -2155.6252 97.26893
-2268.1094 -2152.5378 97.300545
-2269.5847 -2149.7231 96.953125
-2271.343 -2146.369 96.4009
-2273.0005 -2143.207 95.898384
-2274.4695 -2140.4045 95.79443
-2276.1562 -2137.187 95.79443
-2277.8755 -2133.9072 95.79443
-2279.5037 -2130.801 95.79443
-2280.9727 -2127.9988 95.79443
-2282.7534 -2124.6013 95.79443
-2284.268 -2121.7122 95.79443
-2285.81 -2118.5513 95.79443
-2286.9585 -2115.588 95.79443
-2288.3547 -2111.985 95.79443
-2289.6877 -2108.5454 95.79443
-2290.9524 -2105.2817 95.79443
-2292.1362 -2102.2273 95.79443
-2293.4866 -2098.7417 95.79443
-2294.231 -2095.3232 95.79443
-2294.9255 -2091.9788 95.79443
-2295.6545 -2088.4695 95.79443
-2296.3677 -2085.036 95.79443
-2297.0793 -2081.609 95.79706
-2297.794 -2078.1685 95.8038
-2298.4424 -2075.0461 95.81725
-2299.191 -2071.4412 95.795975
-2299.9326 -2067.8704 95.79414
-2300.6458 -2064.4365 95.9854
-2301.3572 -2061.012 96.21858
-2302.0703 -2057.5781 96.16346
-2302.7478 -2054.316 96.04335
-2303.4922 -2050.732 96.11586
-2304.205 -2047.3011 97.774506
-2304.9136 -2043.8887 96.41201
-2305.6296 -2040.4412 98.019966
-2306.3381 -2037.03 96.27809
-2307.0513 -2033.5963 97.82083
-2307.7673 -2030.1489 96.112
-2308.4194 -2027.0078 95.904366
-2309.137 -2023.5535 95.8533
-2309.8772 -2019.9896 95.80762
-2310.5837 -2016.5884 95.77279
-2311.334 -2012.9764 95.75673
-2312.0427 -2009.5634 95.78228
-2312.7588 -2006.1158 95.7035
-2313.4734 -2002.6753 95.66001
-2314.141 -1999.4609 95.57088
-2314.8955 -1995.8284 95.5524
-2315.61 -1992.3878 95.675934
-2316.121 -1989.9274 95.75694
-2316.2742 -1989.652 95.76248
-2318.0557 -1986.4457 95.789635
-2319.759 -1983.3801 95.79163
-2321.4521 -1980.333 95.7918
-2323.152 -1977.2736 95.79198
-2324.8667 -1974.282 95.79938
-2326.6829 -1971.2693 95.87268
-2328.472 -1968.3018 95.88112
-2330.333 -1965.2144 95.91304
-2332.14 -1962.2169 95.9563
-2333.8386 -1959.3993 95.900085
-2335.7502 -1956.2279 95.81849
-2337.5647 -1953.2185 95.79692
-2339.3716 -1950.2211 95.79538
-2341.1785 -1947.2235 95.79384
-2342.9893 -1944.2201 95.79384
-2344.807 -1941.2047 95.79384
-2346.6177 -1938.2012 95.79384
-2348.4282 -1935.1978 95.79384
-2350.235 -1932.2003 95.79384
-2352.053 -1929.1848 95.794785
-2353.8635 -1926.1814 95.78708
-2355.6597 -1923.2019 95.782455
-2357.4705 -1920.1985 95.782455
-2359.281 -1917.195 95.782455
-2360.6577 -1914.208 95.782455
-2362.055 -1910.7334 95.782455
-2363.363 -1907.4795 95.782455
-2364.5588 -1904.4456 95.8233
-2365.0522 -1900.7473 95.88029
-2365.2607 -1897.2537 95.89761
-2365.2385 -1893.8237 95.894905
-2365.215 -1890.2328 95.84819
-2365.1924 -1886.7329 95.781975
-2365.1697 -1883.226 97.39256
-2365.1467 -1879.711 95.940636
-2365.124 -1876.2112 96.05665
-2365.1013 -1872.6973 96.02726
-2365.0786 -1869.1973 97.1373
-2365.056 -1865.6764 96.78695
-2365.0334 -1862.1948 96.98106
-2365.013 -1859.0378 96.74523
-2364.9976 -1856.6852 95.78279
-2364.975 -1853.1791 95.89079
-2364.9524 -1849.6721 97.48132
-2364.9294 -1846.1672 96.88138
-2364.9067 -1842.6674 97.69541
-2364.887 -1839.5925 96.20863
-2364.8706 -1837.0867 96.14139
