-947.5012 -2532.0815 91.94214
-947.5033 -2532.3335 91.99684
-947.53217 -2535.827 91.79617
-946.85693 -2539.2231 92.13987
-946.77124 -2542.7053 92.05709
-947.0195 -2546.2036 91.99993
-947.24005 -2549.6863 92.17773
-947.4254 -2552.6135 92.34451
-947.6273 -2556.6711 92.575195
-947.7522 -2560.1619 92.55554
-947.8769 -2563.6597 92.42902
-947.8979 -2567.1736 92.00652
-947.7823 -2570.216 91.69141
-947.3721 -2574.1567 91.69779
-946.9586 -2577.618 91.80391
-946.35223 -2581.0808 92.06052
-945.8145 -2584.0994 92.308876
-945.20667 -2587.5115 92.59507
-944.5143 -2591.3982 92.83427
-943.9001 -2594.846 92.90996
-943.28503 -2598.2986 92.87969
-942.6724 -2601.7375 92.76111
-942.0586 -2605.183 92.6012
-941.446 -2608.622 92.42873
-940.83215 -2612.0679 92.2737
-940.5184 -2615.465 92.10378
-941.1626 -2618.9922 91.909874
-941.87213 -2622.4192 91.782555
-942.55634 -2625.8516 91.70927
-943.24194 -2629.291 91.67872
-943.9262 -2632.7234 91.67025
-944.6104 -2636.1558 91.66884
-945.2942 -2639.5862 91.66926
-945.9759 -2643.006 91.67652
-946.65845 -2646.4302 91.69657
-947.3443 -2649.8708 91.74954
-948.0278 -2653.2993 91.852615
-948.0921 -2653.622 91.86411
-946.18134 -2653.593 91.88823
-942.6817 -2653.5396 91.93997
-939.19446 -2653.486 92.060814
-935.6908 -2653.4326 92.19988
-932.1885 -2653.379 92.34295
-931.29456 -2656.6072 92.72804
-931.1838 -2659.3818 93.043594
-930.98706 -2663.5913 93.52345
-930.82367 -2667.0874 93.88746
-930.6668 -2670.4438 94.17949
-930.4969 -2674.0796 94.42062
-930.3332 -2677.5828 94.617065
-930.17017 -2681.072 94.708336
-930.00684 -2684.568 94.66226
-929.84344 -2688.0642 94.58691
-929.68005 -2691.5605 94.48254
-929.51636 -2695.0637 94.32444
-929.35333 -2698.5527 94.120544
-929.18994 -2702.049 93.86418
-929.0266 -2705.5452 93.56226
-928.8632 -2709.0415 93.235214
-928.72504 -2711.9993 92.96055
-928.5365 -2716.0337 92.646835
-928.3731 -2719.53 92.42471
-927.6803 -2722.945 92.174484
-926.7809 -2725.5671 91.97844
-925.472 -2729.5793 91.85869
-924.3159 -2732.4814 91.98418
-926.4041 -2735.2207 92.51725
-929.0725 -2737.2966 92.95535
-932.51324 -2738.3518 93.19461
-935.87915 -2738.9954 93.23769
-939.1952 -2737.893 93.11013
-942.59534 -2737.0688 92.99449
-941.3457 -2734.4915 93.27492
-938.86365 -2732.0237 93.4171
-938.3774 -2729.029 93.61281
-938.9784 -2725.2502 93.982414
-938.92267 -2721.8423 94.09564
-938.82947 -2718.988 94.115005
-939.2587 -2714.8809 94.22693
-939.7934 -2711.7363 94.38463
-940.42993 -2707.9932 94.6087
-940.9369 -2705.012 94.76348
-941.48016 -2701.817 94.90707
-942.08923 -2698.2354 95.0123
-942.7781 -2694.1843 95.0495
-943.3601 -2690.7615 95.01549
-943.85065 -2687.877 94.94297
-944.4703 -2684.2334 94.79151
-945.12506 -2680.3826 94.537445
-945.686 -2677.084 94.19751
-946.2598 -2673.7095 93.815895
-946.8841 -2670.038 93.358284
-947.47205 -2666.5806 92.9433
-948.0576 -2663.1372 92.542564
-948.552 -2659.7583 92.222694
-948.267 -2656.1873 91.9871
-947.5306 -2653.082 91.85209
-946.717 -2649.757 91.7534
-945.99164 -2646.7925 91.70836
-945.0267 -2642.8489 91.67794
-944.3063 -2639.9048 91.66985
-943.39624 -2636.1855 91.66844
-942.53107 -2632.6497 91.66938
-941.76746 -2629.5288 91.678
-940.8657 -2625.8435 91.71424
-940.05225 -2622.519 91.80065
-939.3239 -2619.5422 91.92625
-938.4437 -2615.6406 92.18119
-939.3353 -2612.474 92.33015
-940.19745 -2609.379 92.453835
-941.03973 -2605.7766 92.618744
-941.73157 -2602.0547 92.783066
-942.2695 -2598.965 92.894585
-942.9048 -2595.3154 92.94149
-943.53394 -2591.7017 92.851906
-944.0982 -2588.4604 92.6271
-944.7309 -2584.8262 92.313736
-945.2956 -2581.3516 92.02551
-945.3732 -2578.4631 91.81008
-945.2302 -2574.3933 91.682396
-944.89026 -2571.1846 91.682396
-944.4849 -2567.391 91.851204
-944.1123 -2563.9038 92.0677
-943.783 -2560.8228 92.14578
-943.47125 -2557.6252 92.09261
-943.3816 -2553.4475 91.91488
-943.3112 -2549.9412 92.11364
-943.24854 -2546.8162 92.05639
-943.1724 -2543.023 92.420235
-943.109 -2539.8594 92.71589
-943.0312 -2535.9805 93.6859
-942.97473 -2533.166 93.98887
-940.3377 -2534.6138 94.76896
-938.3127 -2536.578 95.07377
-935.554 -2539.2534 95.15956
-932.99634 -2541.734 95.23118
-930.3555 -2544.3394 94.9092
-928.31213 -2546.3845 94.277336
-925.5711 -2549.1277 92.800224
-923.0577 -2551.6433 91.81775
-920.3922 -2554.3108 91.66675
-917.91833 -2556.7866 91.66675
-915.77106 -2558.9358 91.66675
-912.9954 -2561.7136 91.66675
-910.78186 -2563.929 91.73932
-908.0953 -2566.6177 91.92336
-905.9502 -2568.7646 92.191795
-903.2427 -2571.4746 92.55568
-900.6155 -2574.104 92.85554
-898.3659 -2576.3552 93.03053
-896.02563 -2578.6975 93.08651
-893.6657 -2581.9187 92.97686
-892.07434 -2585.0295 92.741646
-890.90814 -2588.2253 92.43434
-889.698 -2591.6138 92.10328
-888.62384 -2594.7903 91.81364
-887.583 -2597.9556 91.70597
-886.5641 -2601.0542 91.66708
-885.4162 -2604.5454 91.66708
-884.20264 -2608.2358 91.66708
-883.25806 -2611.1086 91.66708
-882.0161 -2614.8857 91.66708
-880.97534 -2618.051 91.69462
-879.9798 -2621.0786 91.77834
-878.74 -2624.8489 92.08929
-877.7245 -2627.9373 92.567856
-876.5547 -2631.4949 93.085754
-875.7173 -2634.0417 93.2281
-873.9482 -2637.7886 92.88551
-872.028 -2640.8975 92.3769
-870.18884 -2643.8752 91.99031
-868.5409 -2646.5435 91.788086
-866.6612 -2649.5867 91.6867
-864.98016 -2652.3083 91.67117
-862.90186 -2655.6733 91.66771
-860.9964 -2658.7583 91.66771
-859.2528 -2661.5813 91.67113
-857.3195 -2664.7112 91.6847
-855.4326 -2667.239 91.71203
-852.1041 -2668.071 91.77295
-854.6406 -2669.1355 91.74189
-857.64014 -2668.318 91.70043
-861.05176 -2667.9019 91.67682
-864.95746 -2667.3757 91.66822
-867.96826 -2666.97 91.66822
-871.8861 -2666.4424 91.66921
-874.5302 -2667.476 91.67111
-878.38873 -2667.548 91.68611
-881.1967 -2667.717 91.71302
-884.4915 -2669.671 91.76589
-887.1558 -2670.7217 91.828316
-889.8147 -2673.362 91.895615
-891.50104 -2675.5793 91.92554
-893.8938 -2678.5496 91.972404
-896.0855 -2681.261 91.99075
-898.19324 -2683.8687 92.01768
-900.748 -2687.0293 92.02582
-902.93414 -2689.7341 92.044556
-905.0767 -2692.3848 92.06728
-907.0639 -2694.8433 92.12284
-909.42255 -2697.7612 92.21454
-911.735 -2700.622 92.27932
-913.85876 -2703.2495 92.30384
-916.1382 -2706.0696 92.29255
-918.0435 -2708.4268 92.266884
-920.5429 -2711.519 92.22325
-923.24426 -2713.4922 92.2922
-925.80255 -2715.7942 92.36194
-925.7769 -2713.2786 92.52995
-928.5876 -2710.7295 93.05305
-929.86096 -2707.566 93.47811
-931.0838 -2704.2866 93.888695
-932.30176 -2701.0203 94.22804
-933.39056 -2697.692 94.48901
-934.3126 -2694.3154 94.66865
-935.2124 -2691.107 94.78656
-936.1237 -2688.13 94.843
-937.3117 -2684.2622 94.84128
-938.24896 -2681.211 94.71565
-939.1595 -2678.2466 94.46296
-940.3475 -2674.3792 94.09072
-941.3731 -2671.04 93.85102
-942.45013 -2667.5337 93.41476
-943.4531 -2664.2683 92.92345
-944.3205 -2661.4446 92.5331
-945.09863 -2657.824 92.16301
-944.59814 -2653.9856 91.92869
-944.0726 -2650.88 91.81076
-943.4283 -2647.191 91.722984
-942.87054 -2643.849 91.68949
-942.2575 -2640.176 91.95524
-941.6814 -2636.7236 93.16474
-941.349 -2634.7322 91.66903
