-3824.0872 -2217.0955 92.209305
-3825.7454 -2212.1807 91.69554
-3827.7563 -2208.102 91.845825
-3830.0266 -2204.1455 92.003235
-3832.3135 -2200.2043 92.04359
-3834.592 -2196.2556 92.003334
-3836.8706 -2192.3066 91.94967
-3839.1414 -2188.3713 91.97354
-3841.4656 -2184.4722 92.15413
-3844.3494 -2180.966 92.553764
-3846.767 -2177.1055 93.09636
-3849.0178 -2173.1616 93.6627
-3849.5366 -2172.253 93.783035
-3850.4597 -2170.6357 93.98707
-3851.1052 -2169.5374 94.0978
-3852.8818 -2166.5208 94.35742
-3853.83 -2164.904 94.418236
-3855.527 -2162.4155 94.44113
-3858.007 -2158.579 94.126495
-3860.4143 -2154.7288 93.53792
-3862.828 -2150.861 92.90849
-3865.2417 -2146.9932 92.322975
-3867.6455 -2143.1409 91.91731
-3870.0593 -2139.2732 91.739235
-3872.473 -2135.4053 91.70525
-3874.9387 -2131.5828 91.789444
-3877.6003 -2127.9048 91.97574
-3880.198 -2124.6702 92.303734
-3884.2644 -2122.8584 92.4157
-3888.2925 -2124.758 92.104195
-3889.4546 -2129.0522 91.792915
-3890.5916 -2133.4673 91.685356
-3891.773 -2137.8613 91.66969
-3893.1448 -2142.1882 91.66929
-3896.2288 -2145.456 91.67096
-3900.1887 -2147.696 91.66942
-3904.1938 -2149.8552 91.66788
-3908.2947 -2151.8013 91.66788
-3912.5537 -2153.415 91.66788
-3916.9468 -2154.621 91.66788
-3921.4404 -2155.3345 91.66788
-3925.9163 -2156.045 91.66788
-3930.396 -2156.7554 91.856575
-3934.9167 -2157.4727 92.24024
-3939.3926 -2158.183 92.48243
-3943.9043 -2158.899 92.67454
-3948.389 -2159.6106 92.80148
-3952.8738 -2160.3223 92.83259
-3956.462 -2162.723 92.87657
-3952.8452 -2162.6982 92.96253
-3951.9062 -2158.3806 92.72564
-3951.4238 -2154.0815 92.43929
-3948.164 -2151.2327 92.235794
-3943.97 -2149.4458 92.0492
-3939.7637 -2147.6636 91.83546
-3935.5828 -2145.8918 91.66765
-3931.3933 -2144.1165 91.66765
-3927.204 -2142.3413 91.66765
-3923.0063 -2140.5625 91.66765
-3918.8086 -2138.7834 91.66765
-3914.6191 -2137.0083 91.66765
-3910.4465 -2135.24 91.66765
-3907.7317 -2134.0896 91.66765
-3906.3342 -2134.0898 91.66765
-3902.8833 -2133.527 91.66765
-3899.5208 -2132.549 91.67295
-3895.1667 -2131.6824 91.68903
-3890.6157 -2131.6003 91.7162
-3886.1025 -2132.096 91.74202
-3881.5752 -2132.6345 91.75529
-3877.1758 -2133.7473 91.72807
-3872.9856 -2135.5022 91.70445
-3868.9749 -2137.604 91.70975
-3865.2253 -2140.1648 91.76404
-3861.6626 -2142.979 91.95032
-3858.2053 -2145.9417 92.38259
-3854.9424 -2149.099 92.85882
-3851.8428 -2152.423 93.30516
-3848.7756 -2155.796 93.64783
-3845.7825 -2159.21 93.79896
-3842.8633 -2162.6973 93.67605
-3840.555 -2166.6157 93.31015
-3838.504 -2170.6772 92.82702
-3836.453 -2174.7388 92.43595
-3834.398 -2178.8083 92.2589
-3832.3638 -2182.8381 92.23289
-3830.309 -2186.9065 92.378426
-3828.2583 -2190.968 92.57851
-3826.2073 -2195.0295 92.729324
-3824.1626 -2199.078 92.75614
-3822.4822 -2203.3003 92.605255
-3821.3862 -2207.707 92.1935
-3820.291 -2212.1099 91.98904
-3820.0825 -2216.627 92.43997
-3822.164 -2220.5195 92.756454
-3825.2722 -2223.8584 92.96527
-3828.288 -2227.2388 93.293304
-3831.3152 -2230.6477 93.5429
-3834.3425 -2234.0566 93.492065
-3837.3518 -2237.4587 93.30781
-3840.391 -2240.8677 93.017365
-3843.4124 -2244.2698 92.70251
-3846.4336 -2247.672 92.384315
-3849.461 -2251.081 92.07796
-3852.476 -2254.4763 91.85447
-3855.5034 -2257.8853 91.68997
-3858.5308 -2261.2942 91.66737
-3862.3208 -2263.4104 91.66737
-3866.3657 -2262.3074 91.66737
-3869.3623 -2258.8855 91.66737
-3872.3245 -2255.4197 91.66737
-3875.2747 -2251.9678 91.66737
-3878.2366 -2248.502 91.66737
-3881.1926 -2245.043 91.66737
-3884.1643 -2241.62 91.673645
-3887.7476 -2239.2349 91.70214
-3891.8752 -2237.3413 91.76658
-3895.991 -2235.3887 91.89242
-3899.5032 -2232.7385 92.05707
-3902.4175 -2229.3088 92.166374
-3901.7285 -2224.9094 91.89408
-3900.822 -2220.4597 91.71371
-3899.9358 -2215.9968 91.66928
-3899.0479 -2211.5251 91.66774
-3898.1616 -2207.0623 91.66774
-3897.2754 -2202.5994 91.66774
-3896.3892 -2198.1365 91.66774
-3895.503 -2193.6736 91.66774
-3894.6191 -2189.2239 91.67541
-3893.7905 -2185.0505 91.961494
-3893.571 -2183.945 92.003
-3893.3647 -2180.5325 91.95922
-3895.3428 -2177.74 91.76573
-3898.4263 -2176.0732 91.675385
-3901.6172 -2174.6694 91.66768
-3904.8308 -2173.2651 93.27741
-3908.044 -2171.8613 91.666695
-3911.2446 -2170.4624 91.666695
-3914.458 -2169.058 91.666695
-3917.646 -2167.6936 91.666695
-3920.0508 -2170.2559 91.666695
-3922.7786 -2171.421 91.666695
-3923.4958 -2171.0872 91.666695
