-2474.172 -1774.3894 93.902794
-2471.9 -1773.5575 93.8584
-2471.5122 -1773.5485 93.862686
-2472.4773 -1775.0775 94.04216
-2475.5928 -1777.4742 94.18962
-2479.7383 -1778.0558 93.888336
-2483.796 -1778.6249 93.35816
-2487.8137 -1779.1885 92.701965
-2491.8237 -1779.7509 92.099106
-2495.9324 -1780.6777 91.679955
-2497.305 -1784.4403 91.73463
-2495.525 -1788.7483 92.184586
-2493.1052 -1791.9902 92.838936
-2490.8464 -1795.3423 93.5641
-2490.123 -1799.3025 93.96684
-2491.2175 -1803.1974 94.01152
-2491.5427 -1807.3464 93.89476
-2493.9346 -1810.8761 93.3879
-2495.833 -1814.5978 92.724724
-2499.5857 -1817.2704 92.1021
-2503.1846 -1819.7878 91.74689
-2507.0818 -1822.4377 91.6668
-2510.429 -1824.7449 92.04818
-2512.835 -1826.4033 92.72906
-2514.12 -1827.2893 93.032364
-2516.8853 -1830.1018 93.58431
-2518.53 -1833.3787 93.842834
-2520.1973 -1836.7722 93.88069
-2523.5037 -1838.8 93.94849
-2526.9382 -1840.7784 93.83525
-2530.1536 -1843.5348 93.47485
-2534.0676 -1842.6975 93.50405
-2537.8882 -1841.3809 93.528275
-2541.7012 -1840.0668 93.45951
-2545.6511 -1838.7054 93.28656
-2551.4656 -1836.7015 92.74883
-2555.3242 -1835.3717 92.38668
-2559.1448 -1834.055 93.15128
-2562.9197 -1832.7542 93.743225
-2566.7632 -1831.4296 94.23146
-2570.5586 -1830.0725 94.59653
-2573.6428 -1827.7405 94.78925
-2577.2705 -1826.6222 94.81715
-2581.8928 -1826.9628 94.56591
-2585.3545 -1829.0044 94.15709
-2588.6206 -1831.3032 93.563965
-2592.052 -1833.852 92.75497
-2595.4575 -1836.3817 91.90983
-2598.8826 -1838.9258 91.693924
-2602.9668 -1841.9595 91.666725
-2606.256 -1844.4027 91.67107
-2609.5283 -1846.8331 91.73532
-2612.6707 -1849.4364 91.9941
-2615.567 -1852.2893 92.32561
-2618.6375 -1855.2228 92.374954
-2622.2578 -1857.4186 92.048965
-2625.995 -1859.1033 91.66682
-2629.8433 -1859.6707 91.66682
-2633.3066 -1861.7684 91.66682
-2636.77 -1863.8663 91.67243
-2640.488 -1866.1184 91.67866
-2643.7278 -1868.5153 91.686615
-2646.3245 -1871.7512 91.74317
-2648.6895 -1875.3153 91.89632
-2650.8013 -1878.7703 92.30134
-2650.5461 -1882.9312 93.062164
-2650.1123 -1886.9651 93.81658
-2649.6296 -1891.4536 94.530716
-2649.389 -1895.4388 95.231735
-2647.9734 -1899.1816 95.78443
-2646.3308 -1902.9178 96.18639
-2645.87 -1906.8864 96.58369
-2646.4534 -1910.8564 96.9997
-2648.3372 -1915.0474 97.50487
-2649.9822 -1918.844 97.89203
-2651.6016 -1922.5817 98.256096
-2653.9524 -1926.2327 98.634636
-2656.3225 -1929.7705 98.907486
-2658.5762 -1933.1344 98.988556
-2660.8657 -1936.5519 98.96237
-2663.1284 -1939.9293 98.886154
-2665.4763 -1943.4337 98.71012
-2666.684 -1947.2622 98.40799
-2666.3726 -1951.4435 98.13569
-2666.2014 -1953.5457 98.0536
-2666.2014 -1953.6577 98.04872
-2666.2031 -1957.2417 98.017914
-2666.1082 -1960.853 98.0398
-2665.332 -1964.7327 98.09549
-2664.9167 -1968.735 98.07166
-2664.3962 -1973.3297 98.008835
-2661.2551 -1975.0154 98.20073
-2657.6726 -1973.8794 98.472916
-2655.4573 -1970.4023 98.82122
-2653.352 -1966.9152 99.067154
-2651.251 -1963.435 99.14405
-2648.7305 -1960.2734 99.16706
-2646.6296 -1956.8307 99.147026
-2644.203 -1953.538 99.04981
-2641.662 -1950.1278 98.94616
-2639.2058 -1946.7639 98.82404
-2636.5806 -1943.6355 98.652084
-2634.4421 -1940.2981 98.48012
-2633.0974 -1936.497 98.10334
-2631.7634 -1932.6653 97.9632
-2630.2363 -1928.2787 97.89495
-2628.9182 -1924.4927 97.73583
-2627.587 -1920.6686 97.53971
-2626.214 -1916.8815 97.35362
-2622.318 -1914.99 97.15958
-2618.703 -1912.6649 96.84899
-2615.192 -1910.4001 96.55175
-2611.823 -1908.227 96.305305
-2608.3325 -1905.9755 96.12331
-2604.0708 -1903.2263 97.35635
-2600.5261 -1900.9397 96.55166
-2596.2566 -1898.6427 95.635796
-2592.6125 -1896.7517 95.33598
-2589.0186 -1894.8868 94.92842
-2585.4387 -1893.0293 94.45057
-2581.7803 -1891.131 93.94654
-2578.0432 -1889.1919 93.45018
-2574.3062 -1887.2527 92.95818
-2570.112 -1885.0763 92.62681
-2566.3965 -1883.1483 92.52626
-2564.056 -1880.1897 92.382454
-2560.3904 -1878.2877 92.39397
-2556.744 -1876.4619 92.22788
-2552.5503 -1876.6442 92.13723
-2548.7483 -1877.9131 92.15117
-2544.807 -1878.8903 92.110115
-2541.5322 -1880.2523 92.16184
-2537.3704 -1880.8866 92.20293
-2533.3533 -1881.8119 92.264275
