-2604.7932 -1934.3053 95.134796
-2606.3528 -1936.8716 95.17663
-2608.7205 -1940.7677 96.803154
-2611.0796 -1944.6499 95.21661
-2613.4385 -1948.5316 95.27214
-2615.7896 -1952.4006 95.40793
-2618.157 -1956.2968 95.60395
-2620.5183 -1960.1823 95.84629
-2622.8809 -1964.0704 96.09772
-2625.2373 -1967.9484 96.32088
-2627.6035 -1971.8425 96.49999
-2629.9666 -1975.731 98.173965
-2632.329 -1979.6189 96.8619
-2634.6892 -1983.5029 97.104996
-2637.057 -1987.399 97.39834
-2639.4148 -1991.2795 97.67127
-2641.7825 -1995.1758 97.91749
-2644.129 -1999.0371 98.04893
-2646.4949 -2002.9307 98.10478
-2648.8672 -2006.8346 98.04237
-2651.2302 -2010.723 97.984344
-2653.5928 -2014.6105 98.12881
-2655.9521 -2018.4932 98.32585
-2658.3103 -2022.3738 98.49802
-2660.6711 -2026.259 98.54732
-2663.0386 -2030.1552 98.49838
-2664.566 -2034.1561 98.36597
-2663.4922 -2038.5568 98.343796
-2662.4114 -2042.9858 98.30392
-2664.1155 -2046.9675 98.26154
-2666.4783 -2050.856 98.242615
-2667.55 -2055.08 98.234924
-2667.737 -2059.6353 98.2041
-2668.3342 -2064.122 98.1589
-2669.7788 -2068.427 98.07312
-2671.2263 -2072.7407 97.92424
-2672.677 -2077.063 97.67558
-2675.38 -2080.2834 97.38852
-2677.9438 -2083.6357 97.02359
-2681.364 -2086.243 96.50378
-2684.4448 -2089.134 95.91813
-2685.8926 -2093.4475 95.41471
-2687.343 -2097.7698 95.0764
-2691.2124 -2099.9966 94.65581
-2695.2861 -2102.0232 94.26505
-2699.2866 -2104.0132 94.01617
-2703.442 -2106.0803 93.68311
-2707.5076 -2108.1028 93.4106
-2711.5813 -2110.1294 93.22147
-2715.6787 -2112.1245 93.17879
-2719.6545 -2113.7195 93.30872
-2722.63 -2117.1094 93.2794
-2726.1333 -2119.8953 93.36105
-2730.6733 -2119.5942 94.018364
-2735.2043 -2119.2942 94.74212
-2739.7534 -2118.9927 95.329956
-2744.2883 -2118.6921 95.69551
-2748.6257 -2118.94 95.79655
-2752.0557 -2121.9436 95.64508
-2755.4856 -2124.947 95.39234
-2760.005 -2124.6604 95.65008
-2764.536 -2124.3604 96.01225
-2769.0771 -2124.059 96.25656
-2773.6172 -2123.7583 96.431404
-2778.1663 -2123.457 96.48327
-2782.7087 -2123.156 96.491905
-2787.2463 -2122.8555 96.60648
-2791.7864 -2122.5547 96.81302
-2796.309 -2122.255 96.88142
-2800.8257 -2121.9556 97.01324
-2805.393 -2121.6528 96.900154
-2809.924 -2121.3528 96.525475
-2814.464 -2121.0518 96.155106
-2818.9536 -2120.302 95.944916
-2823.4036 -2119.3977 95.85709
-2827.867 -2118.4907 95.799736
-2832.3093 -2117.5881 95.78722
-2836.5442 -2117.8767 95.785675
-2840.772 -2118.1143 95.785675
-2845.1545 -2117.6438 95.785675
-2849.6135 -2116.7378 95.785675
-2854.0723 -2115.8315 95.785675
-2858.5134 -2114.9292 95.785675
-2862.99 -2114.0195 95.785675
-2867.449 -2113.1135 95.785675
-2871.9077 -2112.2075 95.784134
-2876.3667 -2111.3015 95.784134
-2880.8167 -2110.3972 95.784134
-2885.2844 -2109.4893 95.784134
-2889.7344 -2108.5852 95.78663
-2894.0754 -2107.288 95.98435
-2898.3477 -2105.7227 96.31718
-2902.6199 -2104.157 96.549416
-2906.9006 -2102.5881 96.6824
-2911.1477 -2101.0317 96.64516
-2915.4282 -2099.4631 96.60547
-2919.7058 -2097.8955 96.520805
-2923.9695 -2096.333 96.283455
-2928.2332 -2094.7705 96.03994
-2932.5068 -2093.2043 95.7891
-2936.7705 -2091.6418 95.78671
-2941.0588 -2090.0703 95.56424
-2945.3225 -2088.5078 94.83312
-2949.5947 -2086.9421 92.62481
-2953.8752 -2085.3735 91.68796
-2958.139 -2083.811 91.66665
-2962.4197 -2082.2422 91.66665
-2966.7004 -2080.6736 91.66665
-2970.949 -2079.1167 91.683754
-2975.221 -2077.551 92.46256
-2979.4946 -2075.985 93.834694
-2983.751 -2074.4253 94.71633
-2988.0232 -2072.8596 95.44981
-2992.3037 -2071.2908 95.793976
-2996.596 -2069.7588 96.132675
-3001.0637 -2068.8508 96.11552
-3005.5742 -2068.2583 95.81477
-3010.0886 -2067.6907 96.062386
-3014.6123 -2067.1218 96.54164
-3019.0723 -2066.306 96.93167
-3023.5269 -2065.401 97.0336
-3027.9946 -2064.4932 96.98417
-3032.4446 -2063.5889 96.78555
-3036.9124 -2062.681 96.50585
-3041.3713 -2061.775 96.37622
-3045.7883 -2060.8774 96.37634
-3050.2473 -2059.9712 96.34044
-3054.706 -2059.0652 96.16032
-3059.165 -2058.1592 95.80317
-3063.6328 -2057.2512 95.13233
-3068.0828 -2056.3472 94.37455
-3072.5237 -2055.4446 93.6332
-3077.0093 -2054.5332 93.038506
-3081.4683 -2053.6272 92.62828
-3085.9092 -2052.7246 92.35964
-3090.386 -2051.815 92.200516
-3093.8462 -2051.112 92.10247
-3096.7979 -2050.5122 92.03497
-3102.4072 -2049.3723 91.924324
-3106.2725 -2051.5154 91.824196
-3110.0684 -2054.029 91.828026
-3114.1816 -2054.8545 91.72431
-3118.635 -2053.9495 91.67586
-3123.0923 -2053.044 91.70359
-3127.543 -2052.1396 91.77415
-3131.993 -2051.2354 91.83966
-3136.4517 -2050.3293 91.88987
-3140.9587 -2049.695 91.92992
-3145.4907 -2049.5718 91.95203
-3150.0403 -2049.5278 91.93422
-3154.59 -2049.4841 91.88593
-3157.229 -2049.4587 91.83947
-3162.1975 -2049.411 91.73758
-3167.8574 -2049.3564 91.67749
-3172.389 -2049.3127 91.676315
-3176.9102 -2049.269 91.73416
-3181.4673 -2049.2253 91.90166
-3185.9883 -2049.182 92.14147
-3190.5378 -2049.138 92.40808
-3195.0967 -2049.0942 92.69483
-3199.6375 -2049.0505 92.93344
-3204.1873 -2049.0066 93.08834
-3208.737 -2048.963 93.149445
-3213.2866 -2048.9192 93.16054
-3217.8364 -2048.8755 93.097626
-3222.4045 -2048.8315 92.96643
-3226.9453 -2048.7878 92.79111
-3231.495 -2048.744 92.61532
-3236.054 -2048.7002 92.49827
-3240.5945 -2048.6565 92.47375
-3245.135 -2048.6125 92.499054
-3249.6802 -2048.5688 92.542656
-3254.2234 -2048.5251 92.57975
-3258.7517 -2048.4817 92.609
-3263.3003 -2048.4377 92.64965
-3267.8591 -2048.394 92.63565
-3272.4 -2048.3503 92.60791
-3276.9587 -2048.3064 92.531395
-3281.5085 -2048.2627 92.38177
-3286.0583 -2048.219 92.209
-3290.6082 -2048.175 92.036026
-3295.167 -2048.1313 91.882545
-3299.7078 -2048.0876 91.82275
-3304.2478 -2048.044 91.92763
-3308.7976 -2048.0 92.16156
-3313.3413 -2047.9564 92.6427
-3317.8853 -2047.9127 93.36605
-3322.435 -2047.8689 94.13416
-3326.9834 -2047.8251 94.92029
-3331.5242 -2047.7814 95.58946
-3336.083 -2047.7375 96.00661
-3340.6328 -2047.6937 96.282394
-3345.165 -2047.6501 96.41596
-3349.71 -2047.6064 96.455605
-3354.2688 -2047.5626 96.46472
-3358.8096 -2047.5189 96.46545
-3363.3684 -2047.475 96.46545
-3367.9092 -2047.4314 96.46545
-3372.468 -2047.3875 96.46545
-3377.0269 -2047.3436 96.46545
-3381.5676 -2047.2999 96.46545
-3386.1174 -2047.2562 96.46545
-3390.6582 -2047.2125 96.46545
-3395.208 -2047.1687 96.46545
-3399.7578 -2047.125 96.46545
-3404.305 -2047.0812 96.472725
-3408.85 -2047.0375 96.50229
-3413.3845 -2046.9938 96.56303
-3417.9375 -2046.95 96.56206
-3422.4873 -2046.9061 96.54781
-3427.0234 -2046.8625 96.49834
-3431.5579 -2046.8187 96.501816
-3436.0955 -2046.7753 96.53749
-3439.9424 -2048.4822 96.46753
-3443.4182 -2051.0806 96.46753
-3447.394 -2052.4836 96.46753
-3451.9348 -2052.4402 96.46753
-3456.4846 -2052.3962 96.46753
-3461.0342 -2052.3525 96.46753
-3465.5933 -2052.3086 96.46753
-3470.1248 -2052.2651 96.46753
-3474.6929 -2052.2212 96.46753
-3479.2334 -2052.1775 96.46445
-3483.7832 -2052.1338 96.43671
-3488.337 -2052.0178 96.36431
-3492.8071 -2051.2188 96.256485
-3496.6775 -2053.1936 96.169716
-3501.1565 -2052.393 96.009285
-3505.6445 -2051.5906 95.86066
-3508.2334 -2051.1277 95.79726
-3510.9028 -2050.6506 95.64867
-3515.3818 -2049.8499 95.27298
-3519.8518 -2049.0505 94.81671
-3524.3396 -2048.2483 94.33696
-3528.8186 -2047.4475 93.868996
-3533.2922 -2046.6226 93.43311
-3537.6672 -2045.4064 93.06458
-3542.0598 -2044.1852 92.70557
-3546.4348 -2042.9689 92.339905
-3550.8274 -2041.7478 91.9675
-3555.211 -2040.529 91.723724
-3559.5918 -2039.3362 91.7191
-3564.0796 -2038.5338 91.71602
-3568.5586 -2037.733 91.68828
-3573.0183 -2036.9359 91.69089
-3577.4866 -2036.1373 91.701996
-3581.9656 -2035.3365 91.720276
-3586.4446 -2034.5358 91.76798
-3590.9324 -2033.7334 91.824776
-3595.4026 -2032.9343 91.85935
-3599.8726 -2032.1351 91.874054
-3604.3604 -2031.3328 91.85445
-3608.8306 -2030.5337 91.80694
-3613.3184 -2029.7313 91.733505
-3617.7966 -2028.9307 91.6945
-3622.2847 -2028.1283 91.69382
-3626.7637 -2027.3275 91.667114
-3631.2932 -2027.1802 91.667114
-3635.8254 -2027.4076 91.667114
-3640.3083 -2028.1854 91.667114
-3644.7852 -2028.9622 91.68453
-3649.2678 -2029.74 91.83247
-3653.7568 -2030.5188 92.17372
-3658.2397 -2031.2966 92.449265
-3662.7522 -2031.827 92.56233
-3667.2847 -2032.1041 92.53169
-3671.8262 -2032.3818 92.43056
-3676.3677 -2032.6595 92.355316
-3680.907 -2032.9371 92.36386
-3685.4485 -2033.2147 92.47408
-3689.9895 -2033.4926 92.55781
-3694.522 -2033.7697 92.443474
-3699.0725 -2034.048 92.166046
-3703.614 -2034.3256 91.8676
-3708.1465 -2034.6027 91.727745
-3712.688 -2034.8804 91.66716
-3717.2388 -2035.1587 91.66716
-3721.7803 -2035.4363 91.66716
-3726.3125 -2035.7134 91.66716
-3730.854 -2035.9917 91.66716
-3735.3806 -2036.268 91.66687
-3739.9312 -2036.5461 91.66743
-3744.4482 -2036.8223 91.709206
-3748.9731 -2037.099 91.7775
-3753.5093 -2037.3763 91.85723
-3758.0378 -2037.6533 91.98962
-3762.571 -2037.9305 92.06334
-3767.1162 -2038.2084 92.00019
-3771.652 -2038.4856 91.89117
-3775.9526 -2039.2256 91.765625
-3778.9736 -2042.64 91.667366
-3781.9885 -2046.0477 91.667366
-3786.4414 -2046.507 91.667366
-3790.9688 -2046.7837 91.667854
-3795.5188 -2047.0619 91.67412
-3800.0059 -2047.3362 91.67965
-3806.06 -2047.7064 91.66795
-3810.6062 -2047.9845 91.675735
-3815.1108 -2048.26 91.6761
-3819.6614 -2048.5383 91.67421
-3824.203 -2048.816 91.67113
-3828.7444 -2049.0935 91.669586
-3833.286 -2049.3713 91.668045
-3837.8184 -2049.6484 91.6681
-3842.357 -2049.926 91.69631
-3846.8928 -2050.2034 91.82794
-3851.4343 -2050.481 92.09087
-3855.974 -2050.7585 92.52501
-3860.5024 -2051.0354 93.155266
-3861.7922 -2051.1143 93.362404
-3865.5933 -2050.9844 94.07384
-3869.7336 -2050.9595 94.777916
-3874.0015 -2050.9353 95.35716
-3875.8762 -2050.9246 95.56122
-3878.788 -2050.908 95.78733
-3881.422 -2050.893 95.8792
-3885.9753 -2050.8672 97.45575
-3890.516 -2050.8413 96.10706
-3895.0183 -2050.3882 95.91082
-3899.136 -2051.281 95.91744
-3903.6753 -2051.1296 95.903206
-3908.2144 -2051.0183 95.91213
-3912.7456 -2050.9072 95.9218
-3917.3035 -2050.7954 97.52441
-3921.8337 -2050.6838 95.932915
-3926.3794 -2050.5723 97.14956
-3930.928 -2050.4607 96.76755
-3935.4714 -2050.349 95.3954
-3940.02 -2050.2375 94.96996
-3944.5776 -2050.1257 96.485535
-3949.1265 -2050.014 94.47342
-3953.6746 -2049.9026 95.73543
-3958.2231 -2049.7908 94.04162
-3962.76 -2049.6794 94.61388
-3967.327 -2049.5671 93.83328
-3971.874 -2049.4558 93.19989
-3976.4136 -2049.3442 93.34327
-3980.9497 -2049.1094 91.74891
-3985.4531 -2048.399 92.309616
-3989.9385 -2047.6912 93.03057
-3994.4412 -2046.9807 92.48297
-3998.9355 -2046.2716 92.891884
-4003.4373 -2045.5614 92.87252
-4007.9226 -2044.851 92.50424
-4012.4126 -2044.1454 91.71448
-4016.7314 -2042.7959 91.7149
-4021.031 -2041.3304 91.69266
-4025.338 -2039.8625 91.66724
-4029.6443 -2038.3947 93.294876
-4033.9443 -2036.9291 91.81739
-4038.236 -2035.4662 92.003365
-4042.5515 -2033.9954 92.10476
-4046.8667 -2032.5245 92.12154
-4051.165 -2031.0596 93.72138
-4055.471 -2029.5919 92.07153
-4059.776 -2028.1246 92.05715
-4064.0847 -2026.6561 92.12268
-4068.3264 -2025.0977 92.183365
-4071.9934 -2022.4331 92.3332
-4075.6746 -2019.7488 92.406456
-4079.3499 -2017.0686 92.45332
-4083.0193 -2014.3928 92.42053
-4086.6956 -2011.7118 92.310196
-4090.519 -2008.9237 92.12004
-4094.188 -2006.2482 91.85112
-4097.196 -2002.8689 91.71893
-4100.04 -1999.3058 91.67965
-4102.8784 -1995.7498 91.67965
-4105.71 -1992.2019 91.676796
-4108.543 -1988.6531 93.095764
-4111.393 -1985.0829 92.11181
-4111.735 -1984.6543 91.66673
