-5561.6855 -3734.6367 -58.749706
-5559.9844 -3734.101 -58.749706
-5555.618 -3732.8223 -58.749706
-5551.28 -3731.4988 -58.748463
-5547.123 -3729.7542 -58.73967
-5545.314 -3725.6726 -58.73967
-5545.738 -3721.1794 -58.73967
-5546.6323 -3716.7202 -58.73967
-5547.9204 -3712.3665 -58.73967
-5549.637 -3708.1528 -58.73967
-5551.3286 -3703.9387 -58.73967
-5553.352 -3699.8464 -58.73967
-5555.571 -3695.8765 -58.73967
-5557.2554 -3693.8203 -58.73967
-5560.2305 -3692.879 -58.742752
-5563.5483 -3691.7214 -58.745834
-5566.627 -3689.5173 -58.747375
-5569.0195 -3685.6702 -58.747375
-5571.9937 -3682.2815 -58.747375
-5573.204 -3677.943 -58.748917
-5574.8115 -3673.6995 -58.748917
-5576.9263 -3669.6628 -58.748917
-5579.8823 -3666.2231 -58.748917
-5583.5923 -3663.9028 -58.748917
-5588.1323 -3663.816 -58.748917
-5592.6875 -3663.8513 -58.748917
-5597.2246 -3664.1926 -58.748917
-5601.7407 -3664.7524 -58.748917
-5606.2993 -3664.8047 -58.748917
-5610.831 -3664.857 -58.748917
-5615.399 -3664.9092 -58.748917
-5619.9194 -3665.2385 -58.748917
-5624.4165 -3665.8665 -58.748917
-5628.9243 -3666.537 -58.748917
-5632.3535 -3669.3677 -58.748917
-5633.7085 -3673.6907 -58.748917
-5634.687 -3678.1318 -58.748917
-5633.027 -3682.3083 -58.748917
-5630.6597 -3686.1943 -58.748917
-5628.2144 -3690.0383 -58.748917
-5625.495 -3693.6978 -58.748917
-5622.8516 -3697.3948 -58.748917
-5621.3384 -3701.6853 -58.748917
-5620.3936 -3706.1296 -58.748917
-5620.975 -3710.6082 -58.748917
-5621.7515 -3715.0913 -58.748917
-5622.563 -3719.5671 -58.748917
-5623.8354 -3723.9546 -58.748917
-5624.815 -3728.3853 -58.748917
-5625.5684 -3732.8674 -58.748917
-5625.9194 -3737.404 -58.748917
-5625.74 -3741.949 -58.748917
-5625.5225 -3746.512 -58.748917
-5624.9707 -3751.0142 -58.748917
-5624.0024 -3755.4504 -58.748917
-5623.0337 -3759.887 -58.748917
-5621.7437 -3764.2292 -58.748917
-5619.7407 -3768.3271 -58.748917
-5616.9497 -3771.8633 -58.748917
-5613.6074 -3774.964 -58.748917
-5610.265 -3778.0652 -58.748917
-5606.9233 -3781.166 -58.748917
-5603.601 -3784.2483 -58.748917
-5600.2593 -3787.3494 -58.748917
-5596.7944 -3790.315 -58.748917
-5593.008 -3792.842 -58.748917
-5588.9395 -3794.8801 -58.748917
-5584.6226 -3796.2886 -58.748917
-5580.1074 -3796.6345 -58.748917
-5575.5586 -3796.736 -58.748917
-5571.0713 -3796.2595 -58.748917
-5566.9336 -3794.354 -58.748917
-5563.279 -3791.7156 -58.748917
-5560.52 -3788.109 -58.748917
-5556.6147 -3785.935 -58.748917
-5552.536 -3787.2456 -58.748917
-5550.463 -3791.2651 -58.748917
-5548.903 -3795.549 -58.748917
-5547.383 -3799.8264 -58.748917
-5546.5557 -3804.31 -58.748917
-5545.7324 -3808.785 -58.748917
-5544.915 -3813.2607 -58.748917
-5544.7554 -3817.7983 -58.748917
-5544.6133 -3822.3643 -58.748917
-5544.472 -3826.903 -58.748917
-5544.3306 -3831.4417 -58.748917
-5544.197 -3835.9988 -58.748917
-5544.4165 -3840.1306 -58.748917
-5545.7363 -3842.2458 -58.748917
-5546.8877 -3844.091 -58.748917
-5549.8276 -3847.5063 -58.748917
-5553.3433 -3850.3513 -58.748917
-5557.4253 -3852.372 -58.748917
-5560.9966 -3855.191 -58.748917
-5564.292 -3858.3281 -58.748917
-5567.594 -3861.4717 -58.748917
-5570.8765 -3864.5962 -58.748917
-5574.1787 -3867.7395 -58.748917
-5576.657 -3870.0986 -58.748917
-5574.8037 -3868.744 -58.748917
-5571.9834 -3866.6826 -58.748917
-5569.1577 -3864.6174 -57.234726
-5566.332 -3862.5522 -58.542717
-5564.047 -3859.9128 -58.750217
-5562.0693 -3857.0247 -58.750217
-5560.0923 -3854.1367 -58.750217
-5558.111 -3851.2432 -58.750217
-5555.977 -3848.5076 -58.750217
-5553.4214 -3846.1055 -57.809814
-5550.8765 -3843.7131 -57.618305
-5548.1704 -3841.504 -57.376347
-5545.3667 -3839.397 -58.189213
-5542.5664 -3837.3052 -57.1673
-5539.7676 -3835.2188 -58.749527
-5536.956 -3833.1226 -57.110413
-5534.375 -3830.8303 -58.056725
-5532.733 -3827.7551 -57.438087
-5531.298 -3824.5566 -57.496674
-5530.052 -3821.2935 -57.969376
-5530.5083 -3817.929 -57.181377
-5531.4595 -3814.563 -58.74916
-5532.3867 -3811.1807 -57.13345
-5533.311 -3807.8062 -58.749573
-5534.433 -3804.4993 -58.749573
-5535.579 -3801.1995 -58.749573
-5536.7295 -3797.8867 -58.749573
-5537.807 -3794.5645 -57.121937
-5538.9263 -3791.2456 -58.51947
-5540.4585 -3788.0908 -57.244728
-5542.189 -3784.561 -58.749615
-5544.2046 -3780.492 -58.749615
-5546.2324 -3776.3984 -58.749615
-5548.244 -3772.3376 -58.749615
-5550.268 -3768.2522 -58.749615
-5552.2915 -3764.167 -58.749615
-5554.307 -3760.098 -58.749615
-5556.327 -3756.0208 -58.749615
-5558.343 -3751.9517 -58.749615
-5560.366 -3747.8665 -58.749615
-5562.386 -3743.7893 -58.749615
-5564.235 -3739.639 -58.749615
-5567.425 -3736.5457 -58.749615
-5570.5073 -3733.2783 -58.749615
-5573.2915 -3729.6348 -58.749615
-5575.2803 -3725.5635 -58.749615
-5577.2627 -3721.448 -58.749615
-5579.2334 -3717.357 -58.749615
-5581.2085 -3713.258 -57.548435
-5583.1875 -3709.1506 -57.90705
-5584.315 -3704.9373 -58.749367
-5586.9683 -3701.5571 -58.749367
-5586.0986 -3697.181 -58.749367
-5583.053 -3693.8433 -58.749367
-5579.8564 -3690.5928 -58.749367
-5576.6724 -3687.3552 -58.749367
-5573.656 -3683.9624 -58.749367
-5569.9873 -3681.3992 -58.749367
-5567.2617 -3677.8188 -58.74783
-5565.014 -3673.8745 -58.745228
-5564.1216 -3669.7234 -58.74317
-5565.0527 -3665.2766 -58.742306
-5562.5864 -3661.5066 -58.73861
-5560.0947 -3657.7158 -58.732353
-5560.253 -3653.4785 -58.725307
-5559.3716 -3649.3455 -58.70332
-5560.637 -3644.9958 -58.670975
-5561.9087 -3640.6272 -57.092705
-5563.1777 -3636.2485 -58.59881
-5564.0854 -3631.79 -56.97754
-5564.9897 -3627.347 -57.932823
-5565.899 -3622.8794 -57.141323
-5567.2446 -3618.5515 -57.47523
-5568.9746 -3614.3333 -57.311947
-5568.678 -3610.0679 -56.976673
-5567.206 -3605.7625 -57.956715
-5564.255 -3607.7825 -57.8805
-5561.7197 -3611.572 -56.30092
-5559.8936 -3615.6294 -57.762577
-5558.8086 -3620.055 -57.894497
-5557.684 -3624.4543 -56.372646
-5556.5547 -3628.8716 -57.910378
-5556.0728 -3630.758 -58.117577
-5554.944 -3635.175 -56.52656
-5553.8105 -3639.578 -58.323257
-5552.58 -3643.9583 -56.750267
-5551.3506 -3648.3337 -57.726124
-5550.1226 -3652.7056 -56.957035
-5549.5586 -3654.7146 -58.214382
-5548.443 -3658.6863 -58.292442
-5549.4175 -3660.1738 -58.56191
