-5664.9316 -3538.777 -58.715637
-5668.969 -3540.551 -58.723854
-5672.9985 -3542.3218 -58.734642
-5677.012 -3544.0852 -58.750565
-5681.0254 -3545.8486 -58.773666
-5685.047 -3547.6157 -58.807053
-5689.06 -3549.3792 -58.866096
-5693.0737 -3551.1428 -58.93644
-5697.087 -3552.9062 -59.03398
-5701.0923 -3554.6663 -59.109978
-5705.106 -3556.4297 -59.18956
-5709.119 -3558.1934 -59.252716
-5713.1406 -3559.9604 -59.33177
-5717.162 -3561.7273 -59.382607
-5721.1753 -3563.491 -59.44833
-5725.1885 -3565.2544 -59.56279
-5729.202 -3567.0178 -59.73731
-5733.2075 -3568.7778 -59.85282
-5737.2207 -3570.5415 -59.881546
-5741.242 -3572.3083 -59.935455
-5745.256 -3574.072 -60.02941
-5749.277 -3575.8389 -60.07357
-5753.2744 -3577.5955 -60.089485
-5757.2876 -3579.359 -60.09474
-5761.295 -3581.1196 -60.088978
-5765.3037 -3582.8809 -60.081463
-5769.3174 -3584.6445 -60.01837
-5773.3306 -3586.408 -59.96276
-5777.333 -3588.1738 -59.89934
-5781.354 -3589.9338 -59.83799
-5785.3584 -3591.6934 -59.749603
-5789.363 -3593.453 -59.619053
-5793.3843 -3595.22 -59.510597
-5797.3877 -3596.979 -59.434757
-5801.4087 -3598.7458 -59.36302
-5805.4194 -3600.508 -59.270695
-5809.433 -3602.2715 -59.188015
-5813.4463 -3604.0352 -59.120422
-5817.4517 -3605.7952 -59.07402
-5821.473 -3607.562 -59.032066
-5825.4785 -3609.322 -58.991978
-5829.4937 -3611.0864 -58.956257
-5833.523 -3612.857 -58.91041
-5837.5273 -3614.6167 -58.870632
-5841.5483 -3616.3835 -58.826836
-5845.57 -3618.1506 -58.8112
-5849.575 -3619.9106 -58.78847
-5853.589 -3621.6743 -58.776108
-5857.61 -3623.4412 -58.762196
-5861.615 -3625.2012 -58.75638
-5865.63 -3626.9653 -58.754147
-5869.6353 -3628.7253 -58.753284
-5873.6567 -3630.4922 -58.752766
-5877.6704 -3632.2559 -58.752766
-5881.6836 -3634.0193 -58.752766
-5885.689 -3635.7793 -58.756435
-5889.7026 -3637.5427 -58.756363
-5893.716 -3639.3064 -58.757904
-5897.7373 -3641.0732 -58.75721
-5901.7505 -3642.837 -58.7562
-5905.752 -3644.5952 -58.755707
-5909.7734 -3646.362 -58.75434
-5913.787 -3648.1257 -58.755474
-5917.8003 -3649.8892 -58.755455
-5921.8135 -3651.6528 -58.76059
-5925.827 -3653.4163 -58.76059
-5929.8486 -3655.1833 -58.766754
-5933.854 -3656.9434 -58.77292
-5937.8755 -3658.7102 -58.771034
-5941.8726 -3660.4668 -58.77617
-5945.902 -3662.2373 -58.772644
-5949.9155 -3664.0007 -58.77392
-5953.9097 -3665.7556 -58.76876
-5957.9033 -3667.5103 -58.76566
-5961.919 -3669.275 -58.761627
-5965.928 -3671.0364 -58.758667
-5969.926 -3672.8 -58.758408
-5973.9395 -3674.5564 -58.758312
-5977.953 -3676.32 -58.761395
-5981.9585 -3678.08 -58.761395
-5985.9717 -3679.8435 -58.761395
-5989.992 -3681.61 -58.76235
-5994.0137 -3683.3772 -58.76112
-5998.011 -3685.1335 -58.76266
-6002.0244 -3686.8972 -58.767284
-6006.046 -3688.664 -58.780125
-6010.059 -3690.4277 -58.79964
-6014.0728 -3692.1912 -58.832493
-6018.086 -3693.9546 -58.891033
-6022.1074 -3695.7217 -58.979847
-6026.113 -3697.4817 -59.124073
-6030.126 -3699.245 -59.29345
-6034.1313 -3701.0051 -59.520298
-6038.153 -3702.7722 -59.78408
-6042.1665 -3704.5356 -60.01606
-6046.172 -3706.2957 -60.156185
-6050.1934 -3708.0627 -60.248585
-6054.2036 -3709.825 -60.243523
-6058.2017 -3711.5815 -60.22582
-6062.207 -3713.3416 -60.14089
-6066.2285 -3715.1086 -59.997456
-6070.2285 -3716.8665 -59.850594
-6074.25 -3718.6335 -59.641075
-6078.263 -3720.397 -59.41929
-6082.277 -3722.1604 -59.232937
-6086.296 -3723.9265 -59.053387
-6090.3096 -3725.69 -58.914368
-6094.308 -3727.447 -58.837128
-6098.316 -3729.208 -58.78181
-6102.3228 -3730.9688 -58.76243
-6106.3345 -3732.7317 -58.754303
-6110.348 -3734.495 -58.752094
-6114.3535 -3736.2551 -58.751877
-6118.3745 -3738.0222 -58.751877
-6122.388 -3739.7856 -58.751877
-6126.4014 -3741.5493 -58.751877
-6130.415 -3743.3127 -58.751877
-6134.428 -3745.0762 -58.751877
-6138.4336 -3746.8362 -58.751877
-6142.439 -3748.5962 -58.751877
-6146.4604 -3750.3633 -58.751877
-6150.4736 -3752.1338 -58.751877
-6154.5034 -3753.8972 -58.751877
-6158.5166 -3755.661 -58.751877
-6162.514 -3757.4243 -58.751877
-6166.5356 -3759.1877 -58.751877
-6170.5566 -3760.9514 -58.751877
-6174.5703 -3762.7148 -58.751877
-6178.5757 -3764.4749 -58.751877
-6182.597 -3766.242 -58.751877
-6186.6025 -3768.002 -58.751877
-6190.6157 -3769.7654 -58.751877
-6194.637 -3771.5325 -58.751877
-6198.6426 -3773.2925 -58.751877
-6202.664 -3775.0593 -58.751877
-6206.6855 -3776.8264 -58.751877
-6210.691 -3778.5864 -58.751877
-6214.6963 -3780.3464 -58.751877
-6218.7173 -3782.1135 -58.751877
-6222.7227 -3783.8735 -58.751877
-6226.7363 -3785.637 -58.751877
-6230.758 -3787.404 -58.751877
-6234.771 -3789.1675 -58.751877
-6238.7925 -3790.9346 -58.751877
-6242.798 -3792.6946 -58.751877
-6246.811 -3794.458 -58.751877
-6250.8164 -3796.225 -58.751877
-6254.838 -3797.985 -58.751877
-6258.8516 -3799.7485 -58.751877
-6262.8647 -3801.5122 -58.751877
-6266.878 -3803.2756 -58.751877
-6270.8994 -3805.0427 -58.751877
-6274.913 -3806.8062 -58.751877
-6278.9263 -3808.5696 -58.751877
-6282.9316 -3810.3296 -58.751877
-6286.9453 -3812.0933 -58.751877
-6290.9585 -3813.8567 -58.751877
-6294.98 -3815.6238 -58.751877
-6298.993 -3817.3872 -58.751877
-6302.9985 -3819.1472 -58.751877
-6307.012 -3820.9106 -58.751877
-6311.0254 -3822.6743 -58.751877
-6315.039 -3824.4377 -58.751877
-6319.06 -3826.2048 -58.751877
-6323.0815 -3827.972 -58.751877
-6327.095 -3829.7354 -58.751877
