-6490.964 -3772.4417 -58.749157
-6489.086 -3774.6235 -58.749157
-6490.6885 -3778.8596 -58.749157
-6492.3706 -3783.0383 -58.749157
-6494.0796 -3787.2844 -58.749157
-6495.8296 -3791.6318 -58.749157
-6497.491 -3795.9133 -58.749157
-6497.9956 -3800.5078 -58.749157
-6498.473 -3805.051 -58.749157
-6498.957 -3809.6577 -58.749157
-6498.9326 -3814.1367 -58.749157
-6498.338 -3818.9136 -58.749157
-6497.771 -3823.4648 -58.749157
-6497.201 -3828.0432 -58.749157
-6496.2764 -3830.263 -58.749157
-6491.7827 -3830.9377 -58.749157
-6487.009 -3829.807 -58.749157
-6482.401 -3829.247 -58.749157
-6477.392 -3828.8657 -58.749157
-6472.7373 -3828.5112 -58.749157
-6467.7114 -3828.535 -58.749157
-6463.211 -3830.3853 -58.749157
-6459.1797 -3832.4456 -58.749157
-6455.102 -3834.4695 -58.749157
-6451.0215 -3836.6807 -58.749157
-6447.021 -3838.8481 -58.749157
-6443.0527 -3841.042 -58.749157
-6438.9644 -3843.2139 -58.749157
-6434.9316 -3845.399 -58.749157
-6430.827 -3847.623 -58.749157
-6426.7627 -3849.8252 -58.749157
-6422.7705 -3851.9885 -58.749157
-6418.614 -3854.5002 -58.749157
-6414.989 -3857.2952 -58.749157
-6411.0967 -3860.2954 -58.749157
-6407.371 -3863.168 -58.749157
-6403.9165 -3866.731 -58.749157
-6403.191 -3867.5146 -58.749157
-6405.473 -3868.4495 -58.749157
-6409.6973 -3870.016 -58.749157
-6414.2134 -3870.705 -58.749157
-6418.5464 -3871.7983 -58.749157
-6423.121 -3873.088 -58.749157
-6427.155 -3875.3096 -58.749157
-6430.2783 -3878.5464 -58.749157
-6433.663 -3881.6035 -58.749157
-6436.561 -3884.0818 -58.749157
-6439.902 -3887.1458 -58.749157
-6443.104 -3890.7646 -58.749157
-6446.2124 -3894.2715 -58.749157
-6449.7754 -3897.0842 -58.749157
-6453.3833 -3899.8862 -58.749157
-6456.991 -3902.6882 -58.749157
-6460.599 -3905.524 -58.749157
-6464.2217 -3908.3035 -58.749157
-6467.8413 -3911.0571 -58.749157
-6468.344 -3911.291 -58.749157
-6468.9106 -3908.1326 -58.749157
-6470.459 -3903.7808 -58.749157
-6471.534 -3899.3127 -58.749157
-6472.6016 -3894.8804 -58.749157
-6473.677 -3890.4124 -58.749157
-6474.7627 -3885.9001 -58.749157
-6475.819 -3881.512 -58.749157
-6476.8945 -3877.0442 -58.749157
-6478.039 -3872.5117 -58.749157
-6480.36 -3868.0156 -58.749157
-6479.538 -3863.6794 -58.749157
-6478.196 -3859.3318 -58.749157
-6479.27 -3855.1768 -58.749157
-6477.92 -3850.803 -58.749157
-6476.5645 -3846.412 -58.749157
-6475.1846 -3841.9429 -58.749157
-6474.905 -3837.154 -58.749157
-6477.043 -3833.1067 -58.749157
-6479.491 -3828.472 -58.749157
-6481.6245 -3824.4326 -58.749157
-6483.7666 -3820.3772 -58.749157
-6485.943 -3816.2576 -58.749157
-6488.153 -3812.0735 -58.749157
-6490.9497 -3806.7788 -58.749157
-6493.0537 -3802.796 -58.749157
-6495.366 -3798.8445 -58.749157
-6497.3574 -3794.79 -58.749157
-6500.234 -3791.2534 -58.749157
-6503.3887 -3788.1174 -58.749157
-6507.9883 -3787.6562 -58.749157
-6512.552 -3787.1985 -58.749157
-6517.1333 -3786.739 -58.749157
-6517.7036 -3786.682 -58.749157
-6518.954 -3785.6387 -58.749157
