-7242.2095 -3997.7312 8.989851
-7242.258 -3997.7031 8.989851
-7245.323 -3995.928 8.9893675
-7248.2373 -3993.906 9.054208
-7251.2617 -3991.74 9.192648
-7255.0 -3989.1362 9.410842
-7259.085 -3987.031 9.731224
-7263.068 -3984.4382 9.953414
-7267.2383 -3982.3406 10.1359005
-7271.3438 -3980.2756 10.278395
-7275.3843 -3978.2434 10.461395
-7279.506 -3976.1704 10.622349
-7283.594 -3974.114 10.750197
-7287.7485 -3972.0247 10.786885
-7292.472 -3969.649 10.722208
-7296.602 -3967.5718 10.606714
-7300.9155 -3965.9438 10.412177
-7305.2925 -3964.5735 10.227398
-7309.704 -3963.1921 10.086249
-7314.0815 -3961.7478 9.989237
-7317.7905 -3959.0896 9.99777
-7321.611 -3958.8374 9.911283
-7323.4624 -3957.5083 9.890236
-7325.759 -3956.663 9.868418
-7327.9287 -3955.95 9.82694
-7330.12 -3955.2295 9.819448
-7332.3374 -3954.5007 9.810722
-7334.568 -3953.7676 9.844831
-7336.7334 -3953.0557 9.922105
-7339.008 -3952.6555 10.004086
-7341.2725 -3952.2961 10.092797
-7343.5146 -3951.9404 10.258105
-7345.843 -3951.571 10.498707
-7348.0894 -3951.2146 10.798691
-7350.3726 -3950.8523 11.104037
-7352.6777 -3950.4868 11.38366
-7354.967 -3950.7305 11.517834
-7357.1074 -3951.3108 11.516534
-7359.34 -3950.9934 11.628692
-7361.578 -3951.597 11.4895935
-7363.647 -3952.6094 11.223197
-7365.3267 -3953.958 10.876214
-7366.5957 -3955.8389 10.4999695
-7368.014 -3957.6638 10.132452
-7369.405 -3959.4526 9.88453
-7370.8125 -3961.2632 9.7295265
-7372.231 -3963.088 9.617628
-7373.421 -3965.0078 9.577076
-7374.5825 -3966.9849 9.561485
-7375.742 -3968.9583 9.57562
-7376.9062 -3970.9395 9.573914
-7378.0723 -3972.9243 9.558514
-7379.241 -3974.9133 9.51642
-7380.4097 -3976.9023 9.432755
-7381.5366 -3978.9824 9.343957
-7382.357 -3981.1824 9.243348
-7383.1597 -3983.3352 9.146846
-7384.2095 -3986.152 9.022114
-7385.2793 -3989.5195 8.924588
-7384.6978 -3992.9746 8.904568
-7383.22 -3996.1555 8.8892145
-7381.4844 -3999.6326 8.917604
-7379.4517 -4003.7034 9.014226
-7377.3984 -4007.8147 9.23998
-7376.0366 -4010.5422 9.46508
-7375.0977 -4012.4229 9.631649
-7374.352 -4013.9165 9.706073
-7373.3345 -4016.0212 9.797696
-7372.9263 -4020.5315 9.805771
-7370.03 -4023.8025 9.583515
-7365.641 -4025.1921 9.419258
-7361.1294 -4025.9663 9.375116
-7356.7017 -4027.1519 9.417517
-7352.417 -4028.838 9.50703
-7348.6426 -4031.37 9.471669
-7344.9004 -4034.1274 9.339756
-7341.033 -4036.2075 9.423368
-7336.5107 -4035.5618 10.038179
-7332.1035 -4035.2961 10.675536
-7328.5913 -4038.2344 10.781294
-7325.551 -4041.5842 10.795377
-7321.189 -4042.3398 11.400428
-7318.7905 -4046.2363 11.321293
-7316.523 -4050.244 11.257642
-7314.291 -4054.188 11.202205
-7312.5503 -4058.4475 11.08877
-7311.0244 -4062.7727 10.94043
-7312.359 -4066.891 10.362974
-7316.679 -4069.0186 9.469336
-7321.1523 -4069.3337 9.168035
-7326.3657 -4069.6562 9.168035
-7330.962 -4069.9404 9.168035
-7335.639 -4070.2297 9.168035
-7340.244 -4070.5144 9.168035
-7344.8945 -4070.802 9.168035
-7349.427 -4071.0823 9.800856
-7354.0 -4071.0405 10.100495
-7358.289 -4071.6484 10.242764
-7362.8267 -4071.211 10.055937
-7367.374 -4070.7727 9.687394
-7371.871 -4070.1902 9.241341
-7375.9844 -4068.3054 8.911811
-7377.11 -4063.7656 8.877125
-7378.2065 -4059.3308 8.877125
-7379.1997 -4054.878 8.876682
-7381.186 -4051.1626 8.876682
-7382.129 -4046.9167 8.878237
-7382.484 -4042.2715 8.882846
-7382.8438 -4037.7053 8.88407
-7383.1978 -4033.1438 8.890544
-7383.55 -4028.6074 8.941572
-7383.9126 -4023.935 9.05985
-7384.2695 -4019.3352 9.188939
-7384.6245 -4014.7625 9.2326565
-7384.984 -4010.1355 9.121274
-7385.3423 -4005.5173 8.973451
-7385.2856 -4000.7673 8.902615
-7386.0645 -3996.5444 8.886188
-7385.771 -3992.0872 8.899324
-7386.7383 -3987.6038 8.954155
-7387.3135 -3983.2007 9.008878
-7385.828 -3979.036 9.101131
-7384.6353 -3974.5415 9.195018
-7383.4727 -3970.1614 9.271115
-7382.291 -3965.711 9.375095
-7381.105 -3961.243 9.660617
-7378.4985 -3957.6047 9.917757
-7374.2847 -3955.9778 10.090231
-7369.7407 -3955.6316 10.3199005
-7365.1313 -3955.4302 10.628369
-7360.54 -3955.2295 10.801024
-7355.94 -3955.0283 10.725053
-7351.249 -3954.823 10.39911
-7346.6304 -3954.621 10.000281
-7342.0723 -3955.2292 9.653807
-7337.91 -3957.369 9.469023
-7333.7017 -3959.043 9.574698
-7329.4775 -3960.8145 9.838491
-7325.343 -3962.902 9.973926
-7321.2246 -3964.9817 10.06248
-7317.187 -3967.0203 10.017426
-7312.936 -3968.6638 9.915797
-7308.6084 -3970.2888 9.82238
-7304.272 -3971.917 9.834134
-7299.902 -3973.558 9.898712
-7295.396 -3975.25 9.984867
-7290.9917 -3976.9038 10.040405
-7286.3745 -3978.6377 10.10288
-7282.0723 -3980.2532 10.129562
-7277.804 -3981.8557 10.125052
-7273.458 -3983.387 10.136161
-7268.948 -3983.7195 10.158095
-7264.5386 -3982.6328 9.994873
-7261.0664 -3979.5552 9.628382
-7259.353 -3977.361 9.330671
