-7332.5273 -3998.1455 10.9182205
-7336.253 -4001.0366 11.15856
-7339.9126 -4003.8765 12.473294
-7344.0244 -4004.9658 11.204187
-7348.566 -4004.3928 11.00041
-7351.645 -4004.0044 10.831543
-7356.132 -4003.4385 10.521519
-7360.7456 -4002.8564 10.129364
-7365.377 -4002.2725 9.708985
-7369.6333 -4002.7407 9.3686695
-7373.307 -4005.5916 9.212626
-7376.9663 -4008.4312 9.28044
-7381.0273 -4010.4744 9.331359
-7385.803 -4009.8718 9.083957
-7390.363 -4009.2966 8.935612
-7394.994 -4008.7126 8.887872
-7399.59 -4008.1328 8.878631
-7404.131 -4007.56 8.87709
-7408.7627 -4006.9758 8.87709
-7413.3037 -4006.403 8.884839
-7417.8364 -4005.8313 8.99766
-7422.3955 -4005.2563 9.199548
-7426.9277 -4004.6846 9.472657
-7431.424 -4004.1174 9.784476
-7435.9385 -4003.548 10.119912
-7440.4707 -4002.9763 10.419386
-7445.03 -4002.4014 10.641917
-7449.544 -4001.832 10.790389
-7454.0947 -4001.258 10.881141
-7458.654 -4000.6829 10.905857
-7463.204 -4000.109 10.820132
-7467.7363 -3999.537 10.633295
-7472.296 -3998.9622 10.350994
-7476.9814 -3998.371 10.047654
-7481.5503 -3997.795 9.776132
-7486.1367 -3997.2163 9.539498
-7490.651 -3996.647 9.361386
-7495.246 -3996.0674 9.233576
-7499.7695 -3995.4968 9.156062
-7504.32 -3994.9229 9.166715
-7508.9395 -3994.34 9.27124
-7513.544 -3993.7593 9.72412
-7518.302 -3993.159 10.349082
-7522.9062 -3992.5784 10.981324
-7527.457 -3992.0044 11.562987
-7532.1157 -3991.4167 12.013452
-7536.846 -3990.8198 12.292317
-7541.442 -3990.2402 12.403941
-7546.0283 -3989.6619 12.345613
-7550.7773 -3989.0627 12.118737
-7555.3096 -3988.4912 11.753281
-7559.887 -3987.9138 11.28362
-7564.5547 -3987.325 10.803184
-7569.159 -3986.7441 10.370476
-7573.7095 -3986.1702 9.989606
-7578.287 -3985.5928 9.663156
-7582.8555 -3985.0166 9.397272
-7587.433 -3984.4392 9.397272
-7592.0195 -3983.8608 9.397272
-7596.66 -3983.2754 9.398377
-7601.2554 -3982.6958 9.405655
-7605.851 -3982.116 9.404115
-7611.6113 -3981.3896 9.390254
-7616.116 -3980.8213 9.383067
-7620.676 -3980.246 9.354319
-7625.208 -3979.6746 9.331219
-7629.8306 -3979.0913 9.422619
-7634.354 -3978.521 9.5113945
-7638.9224 -3977.9446 9.522977
-7643.4907 -3977.3684 9.481396
-7648.2397 -3976.7695 9.419284
-7652.7627 -3976.199 9.353066
-7657.304 -3975.626 9.303787
-7661.8237 -3975.0557 9.246371
-7666.4014 -3974.4783 9.187853
-7671.8545 -3973.7905 9.018465
-7676.405 -3973.2166 8.837783
-7680.768 -3973.198 8.7176695
-7684.3916 -3976.0098 8.679169
-7688.1343 -3978.6155 8.6535015
-7692.0664 -3980.9587 8.634507
-7696.2197 -3981.666 8.626806
-7700.326 -3982.6372 8.628934
-7704.36 -3985.0737 8.645034
-7708.6216 -3985.3557 8.707054
-7713.002 -3984.97 8.857331
-7717.6157 -3983.8018 9.126188
-7722.0703 -3982.6738 9.444263
-7726.499 -3981.5525 9.739921
-7731.0244 -3980.4065 9.970515
-7735.4 -3979.2986 10.110374
-7739.6846 -3979.103 10.057328
-7743.6245 -3981.4507 9.801707
-7747.541 -3983.7847 9.727276
-7751.6064 -3985.2708 9.70116
-7756.035 -3984.1494 9.48242
-7760.428 -3983.037 9.312005
-7764.8833 -3981.9092 9.377999
-7769.3203 -3980.7856 9.731484
-7773.534 -3982.6526 10.585999
-7777.5054 -3985.019 11.49857
-7781.4844 -3987.3901 12.2729435
-7785.4087 -3989.7285 12.803519
-7789.3955 -3992.1042 13.149369
-7793.3823 -3994.48 13.378797
-7797.2754 -3996.8 13.502453
-7801.5063 -3997.501 13.427378
-7806.05 -3996.3506 13.167139
-7810.487 -3995.227 12.729304
-7814.933 -3994.1013 12.220117
-7819.4585 -3992.9553 11.712982
-7823.8867 -3991.834 11.216636
-7828.3857 -3990.6948 10.693608
-7832.867 -3989.56 10.18751
-7837.3486 -3988.4255 9.713741
-7841.752 -3987.0771 9.300027
-7846.041 -3985.376 9.017718
-7850.2744 -3983.6968 8.864825
-7854.5757 -3981.991 8.916898
-7859.118 -3980.1895 9.096423
-7863.61 -3978.408 9.3138
-7867.856 -3976.7036 9.552363
-7872.17 -3975.0127 9.760277
-7876.391 -3973.3386 9.976103
-7880.663 -3971.6443 10.151336
-7884.918 -3969.9568 10.269703
-7889.164 -3968.2727 10.313034
-7893.419 -3966.585 10.21653
-7897.6655 -3964.901 9.998897
-7901.9204 -3963.2134 9.723781
-7906.15 -3961.536 9.444557
-7910.405 -3959.8484 9.145311
-7914.668 -3958.1575 8.876864
-7917.0366 -3957.218 8.876864
-7920.0137 -3957.7876 8.876864
-7923.4644 -3958.4521 8.876864
-7927.1143 -3959.1553 9.069856
-7930.5786 -3959.8223 10.386259
-7932.6113 -3960.2136 8.87787
-7933.6123 -3960.4062 8.87787
-7935.775 -3960.8228 8.87787
-7940.2783 -3961.6902 8.87787
-7944.722 -3962.4414 8.877891
-7949.268 -3961.752 8.88818
-7953.474 -3962.3147 8.902267
-7957.189 -3965.0195 8.884299
-7960.8677 -3967.6975 8.939074
-7964.553 -3970.3806 9.546232
-7968.2905 -3973.1016 10.245309
-7971.9985 -3975.801 10.729232
-7975.7383 -3978.5237 10.893748
-7980.336 -3979.0051 10.628888
-7984.8394 -3978.2964 10.1700115
-7989.37 -3977.5833 9.665453
-7993.883 -3976.873 9.3071785
-7998.647 -3976.1233 9.198361
-8003.1865 -3975.4087 9.319263
-8007.7266 -3974.6943 9.602653
-8012.239 -3973.9841 9.904169
-8016.7607 -3973.2725 10.078412
-8021.3633 -3972.548 10.16379
-8025.912 -3971.8323 10.1406555
-8030.5503 -3971.1023 9.99077
-8035.126 -3970.382 9.756708
-8039.693 -3969.6633 9.507251
-8044.4033 -3968.922 9.363012
-8049.0815 -3968.186 9.493906
-8053.639 -3967.4688 9.9304
-8058.2144 -3966.7485 10.453256
-8062.7 -3966.0427 10.819575
-8067.3657 -3965.3083 11.062482
-8071.9053 -3964.594 11.171364
-8076.499 -3963.8708 11.197807
-8081.0566 -3963.1536 11.155715
-8085.7397 -3962.4165 11.069478
-8090.2705 -3961.7036 10.970923
-8094.8193 -3960.9875 10.9159975
-8099.3467 -3960.275 10.927171
-8103.913 -3959.5564 11.0050745
-8108.4346 -3958.8447 11.134898
-8112.9316 -3958.1372 11.284396
-8117.348 -3957.1108 11.412195
-8121.003 -3954.3552 11.564076
-8124.0776 -3951.0054 11.551813
-8127.471 -3948.1028 11.390126
-8131.767 -3946.5493 11.136568
-8136.019 -3944.9614 10.808058
-8140.124 -3942.999 10.411796
-8144.2705 -3941.017 9.959587
-8148.384 -3939.0508 9.515593
-8152.5625 -3937.0532 9.1526985
-8156.676 -3935.087 8.948409
-8160.773 -3933.1284 8.88989
-8164.9106 -3931.1504 8.903678
-8169.024 -3929.184 9.311911
-8173.141 -3927.2163 10.179239
-8177.268 -3925.2434 11.145468
-8181.357 -3923.289 11.962958
-8185.503 -3921.3071 12.441565
-8189.6655 -3919.3171 12.602506
-8193.951 -3917.2686 12.529467
-8198.154 -3915.259 12.378042
-8202.26 -3913.2969 12.122941
-8206.365 -3911.3345 11.774929
-8210.634 -3909.2937 11.337093
-8214.747 -3907.3274 10.871026
-8218.91 -3905.3376 10.38238
-8223.113 -3903.3281 9.92504
-8227.268 -3901.3423 9.509272
-8231.455 -3899.3406 9.125327
-8235.602 -3897.339 8.898972
-8239.805 -3895.3494 8.877926
-8243.951 -3893.3672 8.877926
-8248.064 -3891.4011 8.93338
-8252.284 -3889.3838 9.033953
-8256.488 -3887.3743 9.177243
-8260.65 -3885.3845 9.351049
-8264.829 -3883.387 9.569104
-8268.927 -3881.4285 9.784592
-8273.072 -3879.4465 9.992889
-8277.235 -3877.4568 10.209809
-8281.422 -3875.455 10.447904
-8285.65 -3873.4338 10.71326
-8289.844 -3871.43 10.9921465
-8294.015 -3869.4363 11.259637
-8298.144 -3867.4622 11.467112
-8302.307 -3865.4724 11.560392
-8306.519 -3863.459 11.530216
-8310.714 -3861.4534 11.373655
-8315.024 -3859.393 11.155504
-8319.153 -3857.419 10.990736
-8323.315 -3855.4297 10.925922
-8327.494 -3853.432 10.895406
-8331.714 -3851.4148 10.772213
-8335.65 -3848.9995 10.397001
-8339.319 -3846.023 9.824684
-8343.347 -3843.8098 9.35348
-8347.445 -3841.5574 9.034214
-8351.099 -3838.804 8.898699
-8354.705 -3836.03 8.878679
-8358.355 -3833.223 8.877139
-8362.357 -3831.487 8.877139
-8366.768 -3832.6382 8.931712
-8371.311 -3833.2693 9.3113785
-8375.883 -3833.0798 9.808815
-8380.591 -3832.8477 10.385846
-8385.121 -3832.534 10.924634
-8389.009 -3830.6865 11.226302
-8392.171 -3827.5798 11.33305
-8395.228 -3824.2046 11.393395
-8397.341 -3820.146 11.266046
-8399.422 -3816.174 11.102791
-8401.022 -3811.795 10.803025
-8403.079 -3807.6958 10.585903
-8405.259 -3803.3528 10.370829
-8407.288 -3799.3105 10.215811
-8409.402 -3795.0977 10.07619
-8409.427 -3795.0488 10.073111
