-8350.991 -3711.3264 13.234722
-8347.364 -3713.5452 13.045571
-8345.956 -3717.763 12.202741
-8343.424 -3722.0195 11.473348
-8341.72 -3726.05 10.751657
-8341.164 -3730.6436 9.914987
-8341.963 -3735.0698 9.26054
-8344.844 -3738.5398 8.944866
-8348.811 -3740.8787 8.893019
-8352.71 -3743.1694 8.887131
-8355.6455 -3746.5613 9.084787
-8356.284 -3751.0647 9.460109
-8355.257 -3755.4893 9.866259
-8353.0 -3759.9055 10.264136
-8350.775 -3764.147 10.7836
-8348.523 -3768.262 11.401421
-8346.354 -3772.3127 12.012183
-8344.174 -3776.4197 12.477501
-8341.931 -3780.5667 12.767238
-8339.761 -3784.6174 12.880569
-8337.47 -3788.9648 12.757891
-8335.192 -3793.144 12.47917
-8333.044 -3797.1545 12.0803385
-8330.892 -3801.2039 11.601956
-8330.304 -3805.7903 10.971629
-8329.073 -3810.3547 10.360304
-8327.597 -3814.6543 9.824431
-8329.187 -3818.831 9.321405
-8333.601 -3819.979 9.146885
-8338.133 -3819.2732 9.131998
-8342.674 -3818.566 9.125913
-8347.205 -3817.8599 9.086387
-8351.737 -3817.154 9.007851
-8356.358 -3816.4285 8.940607
-8361.241 -3815.6736 8.9195595
-8365.576 -3814.2854 8.895059
-8369.688 -3812.2678 8.899067
-8374.148 -3809.5369 8.907415
-8377.456 -3806.466 8.954273
-8379.731 -3802.5842 9.0778265
-8381.617 -3798.3835 9.312717
-8383.202 -3794.0276 9.615318
-8384.5625 -3789.3496 9.936123
-8385.851 -3784.8813 10.286802
-8387.498 -3780.6128 10.624518
-8389.401 -3776.3313 10.939093
-8391.365 -3771.956 11.267902
-8394.522 -3768.687 11.402665
-8398.954 -3767.7104 11.175282
-8403.534 -3766.739 10.971504
-8407.754 -3764.6262 11.014907
-8411.632 -3761.9634 11.213422
-8415.031 -3758.6843 11.489861
-8417.886 -3755.1167 11.784062
-8419.7295 -3750.782 12.129656
-8420.727 -3746.3054 12.465879
-8422.319 -3741.7847 12.705227
-8424.053 -3737.499 12.842772
-8425.785 -3733.2134 12.84522
-8427.494 -3728.9866 12.768735
-8429.21 -3724.7432 12.676852
-8430.933 -3720.4827 12.631166
-8432.656 -3716.2234 12.67843
-8434.358 -3712.0134 12.834594
-8434.196 -3707.5232 12.93791
-8436.031 -3703.5327 13.1433
-8439.869 -3701.1692 13.415632
-8444.005 -3699.2717 13.692446
-8448.265 -3697.317 13.976645
-8452.676 -3696.274 14.245083
-8457.167 -3695.4607 14.515227
-8461.495 -3693.9722 14.799961
-8465.789 -3692.4954 15.08324
-8470.127 -3691.0037 15.373588
-8474.421 -3689.5269 15.6598625
-8476.658 -3688.7573 15.8085
-8479.756 -3687.692 16.009935
-8483.351 -3686.4558 16.246868
-8487.184 -3685.1377 16.493254
-8490.514 -3683.9924 18.172207
-8493.698 -3682.6328 16.884464
-8496.783 -3680.8088 17.854773
-8499.826 -3679.01 18.146006
-8501.013 -3675.3145 16.924889
-8501.224 -3670.4194 16.636929
-8501.558 -3665.7026 16.44241
-8501.938 -3661.1023 16.309996
-8502.288 -3656.319 16.191957
-8503.155 -3651.8486 16.116009
-8504.517 -3647.288 16.11795
-8505.526 -3642.8333 16.239325
-8506.799 -3638.4368 16.465624
-8509.03 -3634.5452 16.65664
-8511.958 -3631.0906 16.72778
-8513.348 -3626.636 16.89606
-8513.77 -3622.0996 17.05971
-8511.987 -3617.9104 17.226759
-8507.923 -3616.6191 17.322163
-8504.174 -3618.4314 17.370543
-8503.2 -3622.854 17.417334
-8501.706 -3627.1282 17.339836
-8498.879 -3630.7617 17.16635
-8495.446 -3633.91 16.911749
-8492.012 -3637.0042 16.580648
-8488.043 -3640.5798 16.158178
-8484.608 -3643.6743 15.9246235
-8481.175 -3646.7686 15.842493
-8477.989 -3650.0217 15.848812
-8474.93 -3653.3853 16.095692
-8471.738 -3656.7002 16.650805
-8468.808 -3660.1572 17.148474
-8465.86 -3663.635 17.248672
-8462.854 -3667.1821 16.93245
-8459.574 -3670.4414 16.559776
-8456.012 -3673.345 16.113728
-8452.443 -3676.2542 15.523448
-8449.709 -3679.8857 14.845909
-8448.76 -3684.1123 14.379331
-8451.099 -3688.028 14.360062
-8452.985 -3689.7842 14.422909
