-2145.8271 -844.7159 -7.3279023
-2148.1729 -843.265 -7.3013825
-2151.1482 -841.42444 -7.1483164
-2154.1309 -839.5796 -6.882101
-2157.1194 -837.7311 -6.6223316
-2159.983 -835.9599 -6.352965
-2163.0845 -834.0414 -6.076346
-2166.0618 -832.19977 -5.83634
-2169.0444 -830.3549 -5.6578774
-2172.0234 -828.5122 -5.5365834
-2175.0002 -826.6711 -5.518624
-2177.9827 -824.82623 -5.6719666
-2180.9712 -822.9777 -5.910005
-2183.9478 -821.13654 -6.151382
-2186.9363 -819.288 -6.3694024
-2189.919 -817.4432 -6.5287757
-2192.9075 -815.59467 -6.6270666
-2195.884 -813.75354 -6.664492
-2198.8345 -811.92847 -6.620203
-2200.9973 -809.47 -6.4796705
-2203.1394 -807.15576 -6.308579
-2206.4404 -805.74176 -6.1152267
-2209.6577 -804.36365 -5.877899
-2212.8428 -802.99927 -5.6187935
-2216.118 -801.5963 -5.3181806
-2219.15 -800.2974 -5.022072
-2222.5537 -798.83936 -4.705493
-2222.6438 -798.8008 -4.6973643
-2225.641 -797.51685 -4.4315763
-2228.91 -796.11664 -4.143962
-2232.127 -794.73846 -3.9011433
-2235.343 -793.4086 -3.68233
-2235.7795 -793.7813 -3.6697607
-2235.885 -794.374 -3.6791284
-2236.4912 -797.64233 -3.78615
-2238.2446 -800.8478 -3.8881667
-2240.4617 -803.5741 -3.9796605
-2242.564 -806.1592 -4.0993843
-2244.898 -809.0064 -4.2382307
-2247.1287 -811.47217 -4.3739944
-2249.9778 -813.78613 -4.467925
-2252.779 -815.8826 -4.551846
-2255.6687 -817.88214 -4.634484
-2258.5525 -819.8777 -4.715837
-2261.4365 -821.8732 -4.797319
-2264.004 -823.64966 -4.9291058
-2266.658 -825.40924 -5.102726
-2267.7217 -826.04474 -5.174971
-2270.7383 -827.847 -5.3796444
-2273.7668 -829.6565 -5.5825205
-2276.7952 -831.2893 -5.762414
-2280.2607 -831.85626 -5.7611647
-2283.6387 -832.76904 -5.7473044
-2286.9172 -833.9931 -5.73191
-2290.034 -835.60986 -5.664605
-2292.143 -837.0628 -5.630825
-2295.953 -839.1881 -5.4480925
-2299.3508 -840.0499 -5.0760903
-2301.8728 -842.3323 -4.9230623
-2302.474 -845.7658 -5.192538
-2302.6775 -849.24585 -5.361665
-2302.727 -852.7588 -5.376608
-2302.527 -856.2667 -5.309767
-2302.3562 -859.7661 -5.1396976
-2301.8098 -863.0801 -4.9024763
-2299.2573 -865.47473 -4.9946103
-2298.128 -868.5117 -4.6495366
-2297.8164 -869.5575 -4.496921
-2296.2961 -870.7332 -4.465796
-2293.9336 -873.25464 -4.3056626
-2292.445 -874.8432 -4.201732
-2291.083 -876.28174 -4.148645
-2288.5588 -878.9334 -4.033076
-2286.142 -881.47766 -4.013663
-2283.72 -884.017 -4.064992
-2281.302 -886.5572 -4.253112
-2278.8938 -889.0872 -4.6474457
-2276.4758 -891.6274 -5.1385374
-2274.053 -894.1726 -5.8448157
-2271.635 -896.71277 -6.4934697
-2269.4004 -899.0603 -7.0045843
-2266.7158 -901.68744 -7.395845
-2263.7944 -903.6275 -7.70818
-2261.2112 -905.34296 -7.9322324
-2258.0156 -907.465 -8.165526
-2255.0356 -909.44385 -8.243037
-2251.9958 -911.111 -8.123191
-2248.9023 -911.2414 -7.850413
-2244.999 -911.3867 -7.2846146
-2241.508 -911.3403 -6.683496
-2238.1643 -910.3068 -6.1648664
-2234.9807 -909.323 -5.6792245
-2231.4692 -908.2378 -5.2995834
-2228.1301 -907.54083 -4.989756
-2225.109 -908.8014 -4.268102
-2221.6682 -907.4901 -4.252328
-2218.3845 -906.23865 -4.284664
-2215.186 -905.0196 -4.3290625
-2214.8132 -904.8775 -4.3379164
-2213.755 -904.11914 -4.474319
-2213.2256 -903.74 -4.539375
-2212.9756 -903.5603 -4.572481
-2210.4067 -901.1991 -5.0587063
-2207.526 -899.402 -5.219214
-2204.327 -897.97266 -5.1352587
-2202.1 -896.82336 -5.1062813
-2198.8162 -894.2067 -5.2557178
-2196.8052 -891.5679 -5.5558634
-2194.4624 -888.53937 -5.925172
-2192.312 -885.76 -6.27908
-2190.4019 -883.2907 -6.617462
-2189.3438 -881.9232 -6.768755
-2189.1895 -881.7239 -6.790955
-2187.0522 -878.9612 -7.1180477
-2184.9148 -876.1984 -5.5766406
-2182.7905 -873.45233 -7.4578376
-2181.4124 -870.6142 -7.7841945
-2179.865 -867.2114 -7.9078946
-2178.3496 -863.8788 -7.934841
-2176.901 -860.69275 -7.9033012
-2175.5913 -857.8129 -7.8251367
-2173.9978 -854.3082 -7.678104
-2171.6343 -852.0289 -7.5458727
-2169.1702 -849.51337 -7.395102
-2166.6653 -847.3757 -7.2518897
-2164.2332 -844.86646 -7.0918193
-2161.719 -842.40186 -6.9252043
-2159.6262 -839.5959 -6.717036
-2157.64 -836.71423 -6.4928713
-2155.7974 -834.0412 -5.9488616
-2153.7793 -831.11334 -4.896407
-2152.9067 -829.77527 -4.72911
-2154.089 -829.5561 -5.3053875
-2154.2136 -829.42065 -5.904933
-2154.9727 -831.0805 -6.0337677
-2156.3848 -834.2977 -6.303116
-2157.924 -837.4321 -6.562198
-2159.6487 -840.4937 -6.794977
-2161.332 -843.47394 -7.0176177
-2163.272 -846.5041 -7.2279415
-2165.1667 -849.44684 -7.40913
-2167.0535 -852.4114 -7.5700464
-2168.925 -855.3689 -7.719285
-2170.891 -858.2784 -7.8179617
-2173.0044 -861.06757 -7.8667207
-2175.3188 -863.69293 -7.887535
-2177.4668 -866.01587 -7.892796
-2180.1846 -868.7466 -7.8459907
-2182.7473 -871.14685 -7.7860103
-2185.4468 -873.36584 -7.7027984
-2188.261 -875.4581 -7.6417317
-2191.0818 -877.53015 -7.5464005
-2193.9053 -879.6042 -7.474176
-2196.732 -881.6803 -7.374403
-2199.561 -883.76666 -7.297258
-2202.4019 -885.8137 -7.2378173
-2205.0862 -887.92645 -7.1642065
-2208.1975 -889.5466 -7.2127104
-2211.2727 -888.5916 -7.615001
-2214.8037 -887.23645 -8.0583515
-2217.92 -885.6283 -8.426254
-2220.8665 -884.08777 -8.729607
-2223.9434 -882.4792 -8.847409
-2227.0994 -880.8971 -8.80151
-2230.4275 -879.2896 -8.563371
-2233.6096 -877.81555 -8.1976795
-2236.8054 -876.3714 -7.7007365
-2240.0273 -874.96875 -7.1908164
-2240.5994 -874.72205 -7.1047187
-2241.8914 -874.1649 -6.9159646
-2245.1052 -872.77905 -6.4804044
-2248.3257 -871.3904 -6.073639
-2251.5464 -870.00165 -5.78612
-2254.7603 -868.6158 -5.703233
-2257.9934 -867.22156 -5.796024
-2261.2139 -865.83295 -6.0660124
-2264.4214 -864.4498 -6.4054193
-2267.648 -863.0584 -6.8369627
-2270.8684 -861.66974 -7.3203597
-2274.0889 -860.2811 -7.6283274
-2277.0005 -859.0255 -7.7715335
-2280.3801 -857.56805 -7.7388
-2283.7292 -856.12396 -7.549876
-2286.9485 -854.7358 -7.337658
-2290.1624 -853.3499 -7.018771
-2291.3965 -852.8177 -6.8802867
-2293.3442 -851.97784 -6.654112
-2296.5408 -850.59937 -6.2094917
-2299.6108 -849.9909 -5.808182
-2302.911 -851.6202 -5.360715
-2304.202 -854.84265 -5.11615
-2305.1794 -858.0496 -4.8321524
-2306.1816 -861.57794 -4.4079576
-2306.8887 -865.00757 -3.9697382
-2307.5234 -868.4329 -3.5297089
-2307.9143 -871.9201 -3.153057
-2307.7417 -875.4142 -2.8989275
-2305.8594 -877.97107 -2.833532
-2303.1077 -880.2127 -2.823219
-2300.3262 -882.40546 -2.8862255
-2297.6628 -884.49963 -3.0251994
-2294.8787 -886.68896 -3.2445035
-2292.0557 -888.9086 -3.570187
-2289.3044 -891.072 -3.9882643
-2286.5532 -893.2354 -4.624489
-2286.3276 -895.72504 -5.1557117
-2289.4963 -895.2182 -4.7295413
-2293.0608 -893.9733 -4.1866274
-2295.7512 -892.2861 -3.7839622
-2298.6348 -889.83167 -3.4211218
-2301.0325 -887.5078 -3.151468
-2303.705 -884.97107 -2.9888299
-2306.1934 -882.5005 -2.8995597
-2308.636 -880.00574 -2.8579273
-2311.0066 -877.42883 -2.8590217
-2313.057 -874.60956 -2.8909733
-2314.8337 -871.6486 -2.9800298
-2316.5457 -868.68994 -3.0465004
-2318.0364 -865.5697 -3.0953918
-2318.404 -862.08813 -3.1591682
-2317.9438 -858.6442 -3.2515604
-2317.2493 -855.30676 -3.3370233
-2316.3481 -851.81323 -3.4306984
-2315.3274 -848.45905 -3.5083334
-2314.4282 -845.062 -3.5162156
-2313.531 -841.67175 -3.4635453
-2312.6362 -838.28986 -3.3567746
-2311.739 -834.89954 -3.3673427
-2310.834 -833.1993 -3.4572973
-2310.7966 -833.1802 -3.4616604
-2307.8784 -831.6915 -3.7520564
-2304.5422 -829.9898 -4.0560546
-2301.674 -828.5266 -4.353248
-2298.2803 -826.8459 -4.717551
-2295.409 -825.45154 -4.962779
-2291.971 -823.782 -5.227633
-2288.8162 -822.25 -5.3206635
-2285.6738 -820.72394 -5.3149114
-2282.5193 -819.1922 -5.2579856
-2279.6104 -817.7795 -5.0974207
-2276.2163 -816.1312 -4.8464246
-2273.131 -814.461 -4.571264
-2270.0662 -812.774 -4.2664294
-2266.9875 -811.0797 -4.00163
-2263.909 -809.3854 -3.8085759
-2260.8367 -807.6944 -3.6540987
-2257.564 -806.5424 -3.561914
-2254.1045 -805.98206 -3.5376318
-2250.7144 -805.6976 -3.619374
-2247.13 -805.871 -3.7992833
-2243.8452 -806.4822 -4.047205
-2240.653 -808.28674 -3.664029
-2237.6128 -810.03485 -3.0658271
-2235.4329 -812.41705 -4.564654
-2234.7622 -815.4662 -3.7611022
-2234.1536 -818.2339 -6.3540406
