-2254.0295 -468.96832 -7.470972
-2254.2654 -470.06555 -7.3872185
-2255.002 -473.4941 -6.6056204
-2255.7373 -476.91602 -5.9459167
-2256.3882 -479.94595 -7.233011
-2257.1975 -483.72614 -7.2125697
-2257.934 -487.1412 -7.151579
-2258.6677 -490.55624 -7.0109615
-2259.3801 -493.87094 -6.9966936
-2260.1401 -497.4092 -7.0675054
-2260.7507 -500.25098 -7.0247025
-2261.5405 -503.9261 -7.193832
-2262.3271 -507.58755 -7.5181665
-2263.0815 -511.09842 -7.8165154
-2263.8167 -514.5203 -7.9816675
-2264.553 -517.9469 -7.992008
-2265.288 -521.36884 -7.747208
-2266.021 -524.7793 -7.3596272
-2266.7578 -528.20807 -7.026169
-2267.3416 -530.92505 -6.8147626
-2268.2263 -535.0437 -6.611975
-2268.872 -538.0481 -6.5662746
-2269.6982 -541.89435 -6.6188226
-2270.3335 -544.8509 -6.746761
-2271.1687 -548.73816 -7.005524
-2271.857 -551.94104 -7.2848825
-2272.5112 -554.9866 -7.588942
-2273.3745 -559.00385 -8.045771
-2274.0332 -562.0699 -8.405663
-2274.8464 -565.85455 -8.791467
-2275.455 -568.68787 -8.9493685
-2276.1697 -572.014 -9.038428
-2276.9653 -575.7165 -9.078401
-2277.7856 -579.53534 -9.065656
-2278.5144 -582.92694 -9.021116
-2279.1628 -585.94507 -8.925177
-2279.9878 -589.7843 -8.723721
-2280.6462 -592.84924 -8.542239
-2281.4622 -596.64636 -8.275844
-2282.042 -599.34467 -8.114842
-2282.888 -603.2813 -7.9034376
-2283.5337 -606.28735 -7.704885
-2284.379 -610.2212 -7.424433
-2285.138 -613.7542 -7.1333704
-2285.8708 -617.16486 -6.8372245
-2286.501 -620.0975 -6.550105
-2287.3289 -623.95056 -6.1795993
-2288.0774 -627.4341 -5.849977
-2288.8123 -630.85516 -5.537904
-2289.442 -633.7846 -5.283987
-2290.283 -637.6992 -4.9580503
-2290.9753 -640.92267 -4.7027564
-2291.6135 -643.8929 -4.4911346
-2292.4724 -647.8897 -4.244131
-2293.2227 -651.3817 -4.069259
-2293.8757 -654.4204 -3.9832942
-2294.6902 -658.21155 -3.984717
-2295.2578 -660.8533 -4.1100893
-2296.1636 -665.0691 -4.462847
-2296.8987 -668.49097 -4.8922167
-2297.5547 -671.54333 -5.3304434
-2298.225 -674.6641 -5.7803473
-2299.1045 -678.7567 -6.330723
-2299.8367 -682.1649 -6.739554
-2300.5618 -685.53894 -7.126954
-2301.2969 -688.9608 -7.5026746
-2302.0056 -692.2595 -7.8703127
-2302.6716 -695.3598 -8.2249975
-2303.5159 -699.28815 -8.616512
-2304.214 -702.53894 -8.876368
-2304.823 -705.3723 -9.052687
-2305.7244 -709.56757 -9.155731
-2306.3362 -712.4146 -9.136294
-2307.0713 -715.8365 -9.011411
-2307.9275 -719.82104 -8.782699
-2308.5833 -722.87335 -8.552786
-2309.3005 -726.2107 -8.291332
-2309.9883 -729.4115 -8.071249
-2310.7793 -733.09344 -7.895508
-2311.4807 -736.358 -7.754823
-2312.3394 -740.3537 -7.6046295
-2313.001 -743.4334 -7.5166245
-2313.7925 -747.1179 -7.4486704
-2314.457 -750.2113 -7.4240294
-2315.1482 -753.4279 -7.40173
-2315.735 -756.15826 -7.397067
-2316.6938 -760.6204 -7.395458
-2317.4824 -764.2926 -7.409018
-2318.2192 -767.7214 -7.455855
-2318.8926 -770.85583 -7.499226
-2319.6897 -774.5652 -7.669124
-2320.216 -777.01526 -7.8256793
-2321.0571 -780.92993 -8.084891
-2321.8923 -784.8172 -8.322292
-2322.5247 -787.76 -8.462423
-2323.3496 -791.5994 -8.573168
-2324.075 -794.9762 -8.5583725
-2324.8337 -798.50757 -8.397628
-2325.5146 -801.6763 -8.152486
-2326.2507 -805.10284 -7.7932496
-2326.939 -808.3057 -7.4030256
-2327.7742 -812.193 -6.8318076
-2328.5093 -815.6149 -6.2769775
-2329.1648 -818.6649 -5.7795134
-2329.9792 -822.45636 -5.212135
-2330.6309 -825.48816 -4.8536158
-2331.4502 -829.30304 -4.5278277
-2332.0356 -832.02686 -4.3512926
-2332.8733 -835.9252 -4.1549616
-2333.5688 -839.1623 -4.0249243
-2334.2454 -842.3104 -3.9329174
-2335.085 -846.21826 -3.8821547
-2335.7156 -849.15424 -3.8482642
-2336.2302 -851.54956 -3.867323
-2337.1377 -855.7722 -3.967672
-2337.9685 -859.639 -4.124223
-2338.7537 -863.2936 -4.358028
-2339.383 -866.2227 -4.5819516
-2340.2256 -870.1442 -4.9125104
-2340.9607 -873.57983 -5.2737336
-2341.443 -875.8109 -5.550141
-2342.3076 -879.8351 -6.22307
-2343.1501 -883.7566 -7.229507
-2343.7664 -886.62415 -7.9347706
-2344.6414 -890.6962 -8.619122
-2345.3044 -893.7828 -8.82521
-2346.1116 -897.54004 -8.740425
-2346.8235 -900.8524 -8.401147
-2347.5806 -904.377 -7.7803617
-2348.1948 -907.2358 -7.21228
-2349.0125 -911.04095 -6.5569205
-2349.6482 -914.0002 -6.264751
-2350.52 -918.05853 -5.9855137
-2351.2568 -921.4873 -5.781155
-2351.989 -924.89636 -5.576098
-2352.694 -928.17706 -5.3610787
-2353.4602 -931.74274 -5.140757
-2354.14 -934.90686 -4.9707723
-2354.9265 -938.5666 -4.8202257
-2355.6572 -941.96796 -4.7128973
-2356.4 -945.42413 -4.659717
-2357.1248 -948.7981 -4.7331157
-2357.8704 -952.26794 -4.872983
-2358.6055 -955.6898 -5.0635366
-2359.248 -958.6806 -5.2490897
-2360.076 -962.5336 -5.616218
-2360.8037 -965.9213 -5.99002
-2361.5464 -969.37744 -6.480988
-2362.192 -972.3819 -6.9347453
-2363.0154 -976.2144 -7.505661
-2363.643 -979.1368 -7.908725
-2364.443 -982.8598 -8.361459
-2365.2224 -986.487 -8.738477
-2365.9385 -989.81995 -9.023361
-2366.6943 -993.33765 -9.2256
-2367.2722 -996.0273 -9.308628
-2368.1643 -1000.1786 -9.344644
-2368.779 -1003.0393 -9.321036
-2369.396 -1005.9112 -9.258119
-2370.3225 -1010.2235 -9.073307
-2371.0444 -1013.5838 -8.861529
-2371.7935 -1017.0695 -8.592911
-2372.5286 -1020.49146 -8.292873
-2373.1477 -1023.3727 -8.027416
-2373.924 -1026.9862 -7.688883
-2374.521 -1029.7648 -7.44265
-2375.4683 -1034.174 -7.165642
-2376.0947 -1037.0895 -7.0466824
-2376.609 -1041.0635 -6.964405
-2376.9663 -1044.5452 -6.956616
-2376.27 -1047.9631 -6.913512
-2376.3718 -1051.4479 -6.978056
-2376.5361 -1054.3763 -7.0665965
-2375.6724 -1058.0618 -7.1090593
-2373.6787 -1060.7832 -7.0104465
-2373.804 -1063.0127 -7.111948
-2373.1028 -1067.2439 -7.1944766
-2373.3066 -1070.8712 -7.3266463
-2373.2444 -1074.0833 -7.402465
-2372.7114 -1077.5693 -7.4310822
-2372.8909 -1080.7633 -7.503968
-2373.064 -1083.8455 -7.5780077
-2373.2678 -1087.4727 -7.6754017
-2373.4885 -1091.4005 -7.795637
-2373.6526 -1094.3219 -7.8714747
-2373.8274 -1097.432 -7.9586043
-2374.043 -1101.2689 -8.0554905
-2374.2622 -1105.1688 -8.037033
-2374.4785 -1109.0197 -7.7648726
-2374.6746 -1112.5072 -7.435295
-2374.8354 -1115.3727 -7.0994062
-2375.0676 -1119.5032 -6.5578914
-2375.2314 -1122.4165 -6.155715
-2375.4202 -1125.7782 -5.70634
-2375.6067 -1129.098 -5.319847
-2375.8416 -1133.2775 -4.907254
-2376.0378 -1136.7653 -4.6820407
-2376.2043 -1139.7285 -4.5919333
-2376.4297 -1143.7401 -4.56848
-2376.6265 -1147.2416 -4.579397
-2376.7678 -1149.7577 -4.5837016
-2377.0188 -1154.2236 -4.596849
-2377.1672 -1156.8655 -4.6421456
-2377.4124 -1161.2266 -4.8241067
-2377.5925 -1164.4344 -4.934077
-2377.8047 -1168.2225 -5.1268167
-2378.001 -1171.703 -5.37884
-2378.196 -1175.1765 -5.716839
-2378.3875 -1178.5802 -6.151342
-2378.5488 -1181.4526 -6.4960155
-2378.782 -1185.6041 -6.9027944
-2378.976 -1189.0566 -7.055498
-2379.1794 -1192.677 -7.010649
-2379.3755 -1196.1644 -6.8282747
-2379.5715 -1199.6531 -6.5440865
-2379.764 -1203.0767 -6.2494283
-2379.9368 -1206.1501 -6.0032516
-2380.1602 -1210.129 -5.742144
-2380.3555 -1213.6025 -5.6076384
-2380.552 -1217.104 -5.590769
-2380.6511 -1218.8652 -5.6490273
-2380.876 -1222.8699 -5.8928413
-2381.0984 -1226.8257 -6.2516294
-2381.212 -1228.8455 -6.4579716
-2381.4832 -1233.6748 -6.9230094
-2381.6624 -1236.8618 -7.167596
-2381.8806 -1240.7477 -7.3439074
-2382.0654 -1244.0347 -7.354997
-2382.2722 -1247.7178 -7.2075386
-2382.4727 -1251.2822 -6.9048405
-2382.669 -1254.7767 -6.5403275
-2382.8657 -1258.2782 -6.1912336
-2383.0122 -1260.885 -5.9063444
-2383.246 -1265.0505 -5.4842987
-2383.424 -1268.2166 -5.2204475
-2383.6511 -1272.2561 -4.988487
-2383.8357 -1275.5415 -4.899168
-2384.0144 -1278.7214 -4.861588
-2384.2166 -1282.3208 -4.8970037
-2384.3992 -1285.5707 -4.947048
-2384.5974 -1289.1001 -5.0648465
-2383.6604 -1293.0339 -5.092316
-2382.5186 -1296.103 -5.08675
-2381.2952 -1299.6178 -5.0347614
-2380.5867 -1303.0029 -4.896397
-2380.238 -1306.4993 -4.701636
-2379.2295 -1309.8281 -4.2833214
-2377.9556 -1313.086 -3.739159
-2376.792 -1316.2058 -3.0740972
-2376.0295 -1319.5074 -2.290643
-2375.2297 -1323.2018 -1.3453002
-2374.5266 -1326.4731 -0.47680467
-2373.7612 -1330.0356 0.4728225
-2373.026 -1333.4575 1.380373
-2372.3625 -1336.5441 2.1996667
-2371.5535 -1340.3081 3.1891408
-2370.8188 -1343.7262 4.0777235
-2370.0835 -1347.1481 4.9590836
-2369.4744 -1349.9813 5.6766315
-2368.6125 -1353.9917 6.7185345
-2367.9624 -1357.0167 7.493178
-2367.1418 -1360.8356 8.549829
-2366.4065 -1364.2574 9.504079
-2365.6726 -1367.6716 10.477304
-2364.9375 -1371.092 11.456493
-2364.226 -1374.4022 12.409182
-2363.551 -1377.5436 13.314252
-2362.7346 -1381.3419 14.411114
-2362.1096 -1384.2505 15.249621
-2361.305 -1387.994 16.33231
-2360.529 -1391.6038 17.380978
-2359.8232 -1394.8888 18.330915
-2359.0715 -1398.386 19.339396
-2358.6746 -1401.4105 20.162397
-2360.806 -1404.7089 20.63161
-2360.8333 -1407.9977 21.456038
-2360.1228 -1411.3032 22.38042
-2359.492 -1414.2391 23.18274
-2358.7742 -1417.5789 24.067223
-2360.2788 -1421.2483 24.691185
-2360.6091 -1423.9755 25.276327
-2359.883 -1427.354 26.1872
-2359.0283 -1431.3302 27.161642
-2359.268 -1434.5736 27.774546
-2358.6658 -1437.6818 28.44041
-2357.9937 -1440.8093 29.190731
-2357.6963 -1444.1613 30.114683
-2356.9211 -1447.7678 31.138115
-2356.5127 -1451.506 32.0388
-2355.904 -1454.3376 32.663494
-2355.0686 -1458.2249 33.577072
-2354.32 -1461.7083 34.522045
-2353.5715 -1465.1918 35.41559
-2352.864 -1468.4836 36.208908
-2352.1 -1472.0376 36.965008
-2351.3647 -1475.4595 37.644405
-2350.7307 -1478.4092 38.260704
-2349.97 -1481.95 39.10402
-2349.1597 -1485.721 39.956757
-2348.5227 -1488.6842 40.58357
-2347.7769 -1492.4601 41.360146
-2347.2097 -1496.0327 42.124435
-2346.6882 -1499.3167 42.935802
-2346.1553 -1502.952 43.905117
-2345.8384 -1505.9166 44.70536
-2345.679 -1509.9315 45.784275
-2345.5513 -1513.1489 46.66008
-2345.4011 -1516.926 47.761005
-2345.2625 -1520.418 48.76366
-2345.1248 -1523.8885 49.64421
-2345.0059 -1526.8812 50.403214
-2344.8555 -1530.6653 51.4093
-2344.708 -1534.3794 52.423607
-2344.568 -1537.9045 53.467796
-2344.4368 -1541.2156 54.456757
-2344.3047 -1544.5465 55.419025
-2344.1523 -1548.3823 56.459553
-2344.0137 -1551.8749 57.516045
-2345.4639 -1554.5248 58.354256
-2347.7126 -1557.4043 59.297794
-2347.5737 -1560.9016 60.27394
-2347.6768 -1564.2979 61.200512
-2348.1614 -1567.5585 62.051926
-2348.0222 -1571.0646 62.879322
-2347.8948 -1574.2744 63.618237
-2347.7444 -1578.0583 64.59428
-2347.6055 -1581.5552 65.498116
-2347.4731 -1584.8916 66.398964
-2347.3289 -1588.5217 67.35047
-2347.1892 -1592.037 68.25629
-2347.0503 -1595.5342 69.14603
-2346.927 -1598.6398 69.91741
-2346.815 -1601.902 70.699974
-2346.9026 -1606.0231 71.69081
-2347.1475 -1609.2622 72.460365
-2347.3447 -1612.9966 73.37506
-2347.3853 -1616.4961 74.234406
-2347.4111 -1619.996 75.099815
-2347.4373 -1623.4889 75.95447
-2347.4634 -1626.9945 76.75511
-2347.4893 -1630.5013 77.4864
-2347.5154 -1634.0012 78.099594
-2347.539 -1637.1931 78.76449
-2347.5674 -1641.0011 79.55135
-2347.593 -1644.4241 81.30074
-2347.6135 -1647.202 80.670364
-2347.6348 -1650.0719 81.12063
-2347.6606 -1653.5702 81.62271
-2347.6868 -1657.0701 82.16123
-2347.7126 -1660.563 83.92685
-2347.7385 -1664.0326 83.151596
-2347.7612 -1667.0525 83.52072
-2347.7888 -1670.7521 83.93268
-2347.8115 -1673.818 84.26142
-2347.84 -1677.6678 84.69261
-2347.8674 -1681.3484 85.010056
-2347.8904 -1684.4143 85.235115
-2347.92 -1688.4006 85.518105
-2347.9414 -1691.2845 85.76089
-2347.9688 -1694.9531 86.0389
-2347.9973 -1698.81 86.50253
-2348.025 -1702.4989 87.01064
-2348.0508 -1705.9988 87.57541
-2348.073 -1708.9807 88.01033
-2348.1028 -1713.0056 88.47692
-2348.1267 -1716.2019 88.76713
-2348.1543 -1719.8977 88.96825
-2348.181 -1723.5027 89.11901
-2348.207 -1726.9983 89.33616
-2348.2302 -1730.1272 89.64043
-2348.2563 -1733.6271 89.97777
-2348.2852 -1737.493 90.276764
-2348.311 -1740.965 90.42094
-2348.3374 -1744.4929 91.900375
-2348.3623 -1747.8387 91.16632
-2348.3877 -1751.239 92.397415
-2348.415 -1754.9546 90.993996
-2348.4316 -1757.2003 91.04006
-2348.4329 -1757.3544 91.04404
-2348.458 -1760.7422 91.07081
-2348.4849 -1764.3473 91.087585
-2348.499 -1767.5531 91.1076
-2348.423 -1770.9263 91.16149
-2348.3137 -1774.8447 91.3553
-2348.225 -1778.0146 91.58346
-2348.1182 -1781.8422 91.88893
-2348.0205 -1785.3407 92.21861
-2347.9148 -1788.8434 92.6538
-2347.7935 -1792.1031 93.11647
-2347.6047 -1795.8293 93.66841
-2347.4312 -1799.1989 94.12356
-2347.2415 -1802.8198 94.670616
-2347.03 -1806.3053 95.17776
-2346.8423 -1809.2673 95.56611
-2346.611 -1812.921 95.89084
-2346.3662 -1816.7843 96.04381
-2346.1443 -1820.2913 96.029434
-2345.9233 -1823.7773 95.97577
-2345.7021 -1827.2703 95.90056
-2345.4805 -1830.7703 95.81689
-2345.2593 -1834.2616 95.79776
-2345.038 -1837.7545 95.814674
-2344.8394 -1840.8939 95.817665
-2344.5972 -1844.7164 95.89018
-2344.376 -1848.2095 95.897995
-2344.177 -1851.3531 95.86796
-2343.9336 -1855.1954 95.82047
-2343.7122 -1858.6904 95.79288
-2343.5112 -1861.8624 95.80556
-2343.2874 -1865.3973 95.832985
-2343.0493 -1869.1558 95.83503
-2342.8467 -1872.3555 95.82501
-2342.806 -1872.9982 95.82116
-2342.7422 -1874.0042 95.81474
-2342.5386 -1877.2178 95.81166
-2342.3005 -1880.9762 95.91428
-2342.1235 -1883.7706 96.122856
-2341.8572 -1887.9762 96.288475
-2341.637 -1891.4552 96.20865
-2341.4153 -1894.9552 96.01002
-2341.1936 -1898.4552 95.89275
-2340.9998 -1901.515 95.90681
-2340.7512 -1905.4374 96.062126
-2340.5361 -1908.8325 96.245445
-2340.3093 -1912.4164 96.41736
-2339.9197 -1915.8901 96.51324
-2339.0918 -1919.2942 96.55895
-2338.0784 -1922.6442 96.57519
-2337.026 -1925.9895 96.520775
-2336.0305 -1929.0004 96.34577
-2334.8054 -1932.6206 97.185356
-2333.791 -1935.6176 97.38935
-2332.5715 -1939.221 95.89185
-2331.492 -1942.4102 95.80178
-2330.3228 -1945.8647 96.321144
-2329.2905 -1948.9148 97.30965
-2328.0725 -1952.5134 96.87251
-2326.9504 -1955.8287 96.789505
-2325.8306 -1959.1373 95.97957
-2324.711 -1962.4459 97.316605
-2323.5889 -1965.7612 95.79428
-2322.59 -1968.7118 95.795425
-2321.3425 -1972.3984 95.79485
-2320.4583 -1975.0109 95.79485
-2319.8494 -1979.0051 95.79485
-2320.1545 -1982.4928 95.79485
-2320.3318 -1985.9883 95.79331
-2320.5085 -1989.4768 95.79177
-2320.6143 -1992.5687 95.78869
-2320.7048 -1996.4736 97.32993
-2320.786 -1999.9728 95.89655
-2318.5527 -2002.6381 95.7927
-2317.2944 -2005.627 95.7908
-2317.5176 -2008.7971 95.79302
-2317.8872 -2012.3169 95.79302
-2316.436 -2015.6989 95.79302
-2315.3535 -2018.8717 95.79302
-2314.205 -2022.3198 95.79333
-2313.095 -2025.6427 95.799355
-2312.2146 -2028.2786 95.81096
-2310.8813 -2032.2688 95.855705
-2309.7734 -2035.585 95.923096
-2308.6633 -2038.9083 95.99581
-2307.5576 -2042.2174 96.10872
-2306.4465 -2045.5437 96.18343
-2305.3374 -2048.8633 96.11071
-2304.275 -2052.0437 96.04498
-2303.1218 -2055.4954 96.05244
-2302.0125 -2058.8154 96.18646
-2301.1055 -2061.53 96.22554
-2299.7966 -2065.4473 95.91714
-2298.9214 -2068.0676 95.79412
-2297.7322 -2071.627 95.811676
-2296.6384 -2074.901 95.84542
-2295.3691 -2078.7012 95.866554
-2294.2637 -2082.01 95.86448
-2293.1545 -2085.3298 95.91262
-2292.1387 -2088.3706 95.91228
-2290.9343 -2091.9756 95.82191
-2290.025 -2094.6978 95.79393
-2288.7185 -2098.6084 95.79393
-2286.936 -2101.4758 95.79393
-2285.9949 -2104.623 95.79393
-2284.4622 -2107.1165 95.79393
-2283.8074 -2110.6113 95.79393
-2281.5789 -2113.2532 95.79393
-2278.915 -2115.5447 95.8098
-2276.3943 -2117.7131 97.39408
-2273.982 -2119.7883 96.01174
-2270.9678 -2122.381 96.04587
-2268.426 -2124.5679 95.85827
-2265.6611 -2126.946 95.70173
-2263.3687 -2128.9182 95.618324
-2260.3545 -2131.511 96.59689
-2257.7012 -2133.7935 96.446365
-2255.3054 -2135.8542 94.46257
-2252.5513 -2138.2234 95.753075
-2249.7444 -2140.638 93.56366
-2247.2183 -2142.811 92.949524
-2244.6392 -2145.0295 92.26278
-2241.7737 -2147.4946 91.791626
-2239.708 -2149.2717 91.92416
-2236.4734 -2152.0542 92.01221
-2234.3347 -2153.8938 92.05039
-2231.145 -2156.5732 92.109436
-2228.6536 -2158.3376 92.353096
-2225.4373 -2160.615 92.63296
-2223.1042 -2162.2668 92.871376
-2219.9224 -2164.52 93.270386
-2217.2234 -2166.4314 93.67051
-2214.0542 -2168.6755 94.19041
-2210.772 -2170.0266 94.659225
-2207.508 -2171.2703 95.04525
-2204.61 -2172.3745 95.34421
-2201.3218 -2173.846 95.54253
-2198.0498 -2175.7625 95.65308
-2195.085 -2177.6226 96.73066
-2192.1204 -2179.483 96.75375
-2189.3782 -2181.2036 95.77137
-2186.3125 -2183.1272 95.782234
-2183.2234 -2185.0657 95.78578
-2180.3892 -2186.844 95.786026
-2177.7742 -2188.4849 95.78607
-2174.3352 -2190.6426 95.78607
-2171.999 -2192.1086 95.78607
-2168.5422 -2194.2776 95.78607
-2165.803 -2195.9966 95.78607
-2162.4707 -2198.0876 95.78607
-2159.5295 -2199.9329 95.78607
-2156.9563 -2201.5476 95.79046
-2153.612 -2203.646 95.787636
-2150.849 -2205.38 95.787636
-2148.015 -2207.1582 95.787636
-2144.6824 -2209.2493 95.787636
-2142.1506 -2210.838 95.787636
-2138.747 -2212.9734 95.82405
-2136.0042 -2214.6946 95.84177
-2133.2056 -2216.4507 95.83714
-2129.8613 -2218.549 95.812195
-2127.0967 -2220.284 95.8192
-2123.9778 -2222.241 95.91008
-2120.9717 -2224.1272 96.069725
-2118.5645 -2225.6377 96.15655
-2115.0493 -2227.8435 96.27598
-2112.0862 -2229.703 96.27119
-2109.5068 -2231.3215 96.086685
-2106.151 -2233.4272 95.93478
-2103.619 -2235.0159 95.90864
-2100.6008 -2236.9097 96.117455
-2097.2668 -2239.002 96.33486
-2094.645 -2240.6467 96.44899
-2091.376 -2242.698 96.55044
-2088.6187 -2244.428 96.58122
-2085.417 -2246.437 96.49191
-2082.9443 -2247.9885 96.42341
-2079.4934 -2250.154 96.25274
-2077.092 -2251.661 96.20448
-2073.7893 -2253.7332 96.13943
-2070.5994 -2255.7349 95.86052
-2068.1328 -2257.2825 95.81099
-2065.097 -2259.1875 95.78763
-2062.1262 -2261.0515 95.78763
-2059.1973 -2262.8894 95.78763
-2056.683 -2264.467 95.78763
-2053.6948 -2266.342 95.58438
-2050.6055 -2268.2805 95.00594
-2047.3029 -2270.3528 94.28249
-2044.5486 -2272.081 94.268585
-2041.7311 -2273.849 95.02055
-2038.4165 -2275.929 95.5713
-2035.689 -2277.6404 95.76538
-2032.493 -2279.6458 95.904366
-2029.5225 -2281.5098 96.29718
-2026.9491 -2283.1245 96.5406
-2023.593 -2285.2305 96.6283
-2020.6403 -2287.0833 96.458664
-2017.6637 -2288.951 96.20438
-2014.699 -2290.8113 95.90285
-2011.847 -2292.6008 95.414986
-2008.7815 -2294.5244 94.988235
-2005.8049 -2296.392 94.67182
-2002.8403 -2298.2524 94.43623
-1999.9823 -2300.0457 94.296875
-1996.9109 -2301.973 94.20062
-1994.3317 -2303.5913 94.1403
-1991.0076 -2305.677 94.134
-1988.3864 -2307.322 94.207306
-1985.0741 -2309.4004 94.37836
-1982.951 -2310.7563 94.52454
-1979.3724 -2313.4631 94.93886
-1977.0388 -2315.2283 95.23003
-1973.8401 -2317.7437 95.566956
-1971.421 -2319.9905 95.72889
-1968.9978 -2322.3518 95.77827
-1966.2772 -2325.003 95.78569
-1964.2065 -2327.0205 95.78569
-1961.409 -2329.7463 95.78571
-1959.2131 -2331.886 95.78571
-1956.5159 -2334.5144 95.78571
-1953.7334 -2337.2256 95.78571
-1951.693 -2339.2139 95.78571
-1949.0007 -2341.8372 95.78571
-1946.494 -2344.2798 95.78571
-1943.7014 -2347.001 95.78571
-1941.4655 -2349.1797 95.78571
-1939.1643 -2351.4219 95.78571
-1936.1813 -2354.3286 95.78571
-1933.6796 -2356.7664 95.78571
-1931.6892 -2358.7058 95.78571
-1928.661 -2361.6565 95.78571
-1926.2195 -2364.0354 95.78571
-1924.6503 -2365.5645 95.78571
-1921.1409 -2368.9841 95.78571
-1918.8446 -2371.2217 95.78571
-1916.1473 -2373.8499 95.78571
-1913.6908 -2376.2437 95.78571
-1911.5901 -2378.2905 95.78571
-1908.6122 -2381.1924 95.7858
-1906.3209 -2383.4248 95.7862
-1904.0248 -2385.662 95.7862
-1901.0919 -2388.52 95.7862
-1898.6252 -2390.9236 95.7862
-1896.4043 -2393.0876 95.7862
-1893.6218 -2395.799 95.7862
-1892.0244 -2398.2227 95.7862
-1890.4346 -2401.6975 95.78645
-1887.7812 -2404.429 95.78645
-1885.569 -2407.0906 95.78645
-1884.0033 -2410.2207 95.78645
-1882.4172 -2413.3477 95.78645
-1880.5187 -2416.2803 95.80818
-1878.6205 -2419.2126 95.84296
-1876.3934 -2421.6682 95.8553
-1873.5393 -2423.9358 95.84015
-1871.0167 -2426.382 95.78366
-1868.5154 -2428.808 95.813126
-1866.8381 -2431.5115 95.71886
-1864.9419 -2434.8179 95.64248
-1863.1981 -2437.8447 95.47155
-1861.6924 -2440.5813 95.40405
-1859.9658 -2444.0356 95.19566
-1859.9182 -2444.2615 95.17744
-1858.3647 -2446.1921 95.1012
-1856.3264 -2448.6938 94.84252
-1854.1598 -2451.353 94.35244
-1851.8297 -2454.213 93.73015
-1849.9283 -2456.5464 93.31723
-1847.3108 -2459.759 92.7726
-1845.1 -2462.4724 92.481346
-1842.8892 -2465.1858 92.305855
-1840.6783 -2467.8992 92.2404
-1838.8744 -2470.1133 92.2142
-1836.2567 -2473.326 92.195724
-1834.9789 -2474.894 92.19873
-1831.8307 -2478.758 92.08373
-1829.7657 -2481.2922 91.96797
-1827.5107 -2484.0598 91.81936
-1825.4193 -2486.6267 91.71822
-1822.992 -2489.606 91.66665
-1821.0729 -2491.9612 91.66665
-1818.9417 -2494.577 91.66665
-1816.3595 -2497.746 91.66665
-1814.3167 -2500.2532 91.66665
-1812.1104 -2502.9612 91.66665
-1810.355 -2505.1155 91.66665
-1807.9628 -2508.0515 91.66665
-1805.4823 -2511.0957 91.66665
-1803.2671 -2513.8147 91.66665
-1801.0519 -2516.5334 91.66665
-1799.2522 -2518.7422 91.66665
-1796.6328 -2521.957 91.66784
-1794.5768 -2524.4802 91.66836
-1792.64 -2526.8572 91.66684
-1790.1659 -2529.637 91.66765
-1787.4786 -2532.5386 91.69933
-1784.8116 -2534.6543 91.71755
-1782.1335 -2536.1035 91.70035
-1778.7351 -2537.9421 91.666725
-1775.5399 -2539.6711 91.666725
-1772.4493 -2541.3435 91.666725
-1769.5803 -2542.8958 91.666725
-1766.2589 -2544.5828 91.666725
-1762.9437 -2545.7046 91.666725
-1760.0394 -2546.6875 91.666725
-1756.3131 -2547.9487 91.666725
-1752.9978 -2549.0708 91.666725
-1749.7687 -2550.1636 91.666725
-1746.9971 -2551.1016 91.666725
-1743.0453 -2552.439 91.666725
-1739.6497 -2553.2031 91.666725
-1736.397 -2553.53 91.666725
-1732.7961 -2554.0056 91.66668
-1730.1946 -2556.3074 91.6694
-1727.3962 -2557.7988 91.67068
-1723.8683 -2559.2083 91.67068
-1720.9049 -2559.845 91.67068
-1717.0245 -2560.6787 91.67068
-1714.4825 -2559.9055 91.67068
-1710.9393 -2557.7498 91.67068
-1707.8094 -2556.2148 91.67068
-1704.956 -2554.8154 91.67068
-1701.5182 -2553.1296 91.52772
-1698.778 -2551.786 91.39581
-1695.4767 -2550.1672 91.38701
-1692.0891 -2548.5059 91.602585
-1688.9529 -2546.968 91.8022
-1686.2504 -2545.6426 91.97335
-1683.2021 -2544.148 92.16774
-1679.5254 -2542.345 92.40227
-1676.6218 -2540.921 92.58748
-1673.8375 -2539.5557 92.76504
-1673.1525 -2539.2197 92.808716
-1670.3997 -2537.8699 92.98437
-1667.0686 -2536.2363 92.943565
-1663.9136 -2534.6892 92.74411
-1661.0538 -2533.2869 92.56186
-1657.7732 -2531.678 92.35294
-1654.4924 -2530.063 92.14401
-1651.815 -2528.756 91.972534
-1648.3896 -2527.0764 91.75488
-1645.1718 -2525.4983 91.54904
-1642.1351 -2524.0093 91.5895
-1638.9674 -2522.6802 91.69825
-1635.3563 -2521.4998 91.67206
-1631.8673 -2521.5532 91.67098
-1628.7798 -2522.3088 91.82715
-1625.5684 -2523.1968 91.95677
-1622.2991 -2524.101 92.04039
-1618.4845 -2525.1558 92.13105
-1615.2191 -2526.0588 92.24764
-1611.6229 -2527.0532 92.27423
-1608.2126 -2527.8943 92.183365
-1604.797 -2528.6255 92.02887
-1601.3373 -2528.9758 91.83715
-1597.8708 -2528.9883 91.72575
-1594.4468 -2529.7466 91.70419
-1591.2429 -2529.2952 91.69553
-1588.0068 -2529.0637 91.70253
-1584.5896 -2529.8206 91.72855
-1581.1779 -2530.5762 91.81281
-1578.1093 -2531.2559 91.96348
-1574.3442 -2532.0894 92.26715
-1570.9407 -2532.8433 92.559395
-1567.5099 -2533.603 92.66144
-1564.3784 -2534.2964 92.661896
-1560.681 -2535.1152 92.59233
-1557.3322 -2535.857 92.487854
-1553.8467 -2536.6287 92.40879
-1550.4363 -2537.384 92.35
-1547.019 -2538.1409 92.28685
-1543.8501 -2538.8428 92.23828
-1540.1868 -2539.654 92.20391
-1537.125 -2540.332 92.16695
-1533.865 -2541.054 92.110214
-1529.9283 -2541.9258 91.999344
-1526.518 -2542.6812 91.921814
-1523.0741 -2543.2856 91.85942
-1520.037 -2543.6445 91.785255
-1516.4506 -2543.8264 91.710045
-1512.9202 -2544.0054 91.673
-1509.4327 -2544.1821 91.6765
-1505.6156 -2544.3757 91.7153
-1502.3317 -2544.1877 91.74448
-1498.6288 -2543.9563 91.676216
-1495.3033 -2543.7483 91.601524
-1491.6567 -2543.5203 91.68362
-1488.1985 -2543.3042 91.670586
-1484.6633 -2543.083 91.6557
-1481.8757 -2542.909 91.62207
-1477.8586 -2542.6577 91.56431
-1474.9453 -2542.4756 91.54506
-1471.2249 -2542.243 91.54502
-1467.3312 -2541.429 91.58787
-1464.1852 -2539.8953 91.715294
-1461.1494 -2538.4155 91.8424
-1457.9131 -2536.8381 92.13025
-1455.1132 -2535.4734 92.24157
-1451.6309 -2533.7756 92.25036
-1448.5791 -2532.288 92.075035
-1445.9805 -2531.0212 92.2633
-1443.1112 -2529.6226 93.164665
-1439.1692 -2527.701 94.90681
-1436.2686 -2526.2869 95.61742
-1433.0731 -2524.7292 95.7786
-1430.0529 -2523.2568 95.80918
-1427.1772 -2521.8552 95.921936
-1423.6451 -2520.1333 96.10862
-1420.654 -2518.6753 96.19457
-1417.3444 -2517.0618 96.01544
-1414.5066 -2515.6785 95.83142
-1410.7375 -2513.8413 95.78754
-1408.032 -2512.5225 95.78754
-1404.4391 -2510.771 95.78754
-1401.1975 -2509.5115 95.78754
-1398.1687 -2508.9521 95.78754
-1394.3137 -2508.2402 95.78754
-1391.4137 -2507.6829 95.78754
-1387.9099 -2505.6826 95.78754
-1384.643 -2504.4468 95.78754
-1381.3694 -2503.2083 95.78754
-1378.1023 -2501.9722 95.78754
-1375.3788 -2500.942 95.78754
-1371.5421 -2499.4902 95.78754
-1368.4192 -2498.3088 95.78754
-1365.3617 -2497.152 95.81852
-1361.7214 -2495.775 96.019394
-1358.4603 -2494.5413 96.25537
-1355.1802 -2493.3003 96.38185
-1352.3191 -2492.2178 96.31383
-1348.633 -2490.8235 96.09057
-1345.3595 -2489.585 96.03004
-1342.0859 -2488.3464 95.88836
-1338.8124 -2487.108 95.78775
-1335.6959 -2485.929 95.78775
-1332.2717 -2484.6335 95.78775
-1329.9607 -2483.7593 95.78775
-1325.705 -2482.1492 95.78775
-1322.438 -2480.9133 95.78775
-1319.6555 -2479.8606 95.78775
-1315.9432 -2478.456 95.78775
-1313.2471 -2477.436 95.7911
-1309.3843 -2475.9749 95.79147
-1306.7458 -2474.9766 95.78891
-1303.0859 -2473.592 95.736176
-1299.5375 -2472.2495 95.60554
-1296.493 -2471.0977 95.49081
-1293.154 -2469.8345 95.379135
-1290.2928 -2468.752 95.325226
-1286.4396 -2467.2942 95.34829
-1283.4607 -2466.1672 95.358376
-1279.899 -2464.8198 95.293434
-1276.9136 -2463.6904 95.201805
-1273.3453 -2462.3406 95.00803
-1270.1045 -2461.1145 94.786026
-1267.3547 -2460.074 94.56097
-1263.5247 -2458.625 94.24119
-1260.6604 -2457.5413 94.24353
-1257.0857 -2456.189 94.24907
-1253.8121 -2454.9504 93.93367
-1250.7809 -2453.8037 93.2625
-1247.1669 -2452.4363 92.441956
-1244.1028 -2451.277 92.05979
-1240.5533 -2450.2139 91.85497
-1237.1178 -2449.546 91.77
-1233.669 -2448.912 91.75485
-1230.7295 -2448.4543 91.763245
-1227.2572 -2448.9246 91.82536
-1223.3735 -2449.3062 91.95503
-1221.0518 -2447.6345 92.05201
-1217.6943 -2445.2175 92.19138
-1214.8516 -2443.1829 92.28502
-1211.3953 -2443.7456 92.465904
-1207.9338 -2444.3093 92.70631
-1204.4862 -2444.8706 92.989
-1201.4117 -2445.371 93.24158
-1197.5773 -2445.9954 93.52036
-1194.2445 -2446.538 93.71357
-1190.837 -2447.0928 93.85205
-1187.2374 -2447.679 93.92787
-1184.0386 -2448.1997 93.95898
-1180.3159 -2448.8057 94.00893
-1177.1584 -2449.3198 94.14423
-1174.084 -2449.8203 94.30357
-1170.193 -2450.4539 94.591385
-1166.9181 -2450.987 94.79211
-1163.049 -2451.617 94.924484
-1159.5947 -2452.1792 95.00561
-1156.3959 -2452.7002 95.02818
-1152.6995 -2453.302 95.02954
-1149.2523 -2453.8633 95.03326
-1145.9153 -2454.4065 95.03178
-1142.4811 -2454.9653 95.035484
-1139.4204 -2455.4639 95.03326
-1135.4546 -2456.1094 95.024
-1132.1176 -2456.6528 95.04009
-1128.663 -2457.215 95.0649
-1125.1243 -2457.7915 95.08628
-1121.656 -2458.3562 95.03122
-1118.8302 -2458.8164 94.9954
-1114.74 -2459.4822 94.916985
-1111.403 -2460.0256 94.790825
-1108.5634 -2460.4878 94.65994
-1104.3696 -2461.1707 94.44911
-1101.4194 -2461.651 94.29092
-1097.6816 -2462.2595 94.09496
-1094.013 -2462.857 93.76431
-1090.5515 -2463.4204 93.24476
-1087.1178 -2463.9795 92.64104
-1084.0778 -2464.4744 92.208244
-1080.195 -2465.1067 91.84151
-1076.741 -2465.669 91.718124
-1073.3763 -2466.2168 91.792816
-1070.3778 -2466.705 91.74571
-1066.419 -2467.3496 91.71222
-1062.9225 -2467.919 91.72575
-1060.8911 -2468.2495 91.66745
-1056.1171 -2469.0269 91.70503
-1052.8007 -2469.567 91.84185
-1049.1251 -2470.1653 92.09813
-1045.6499 -2470.731 92.042946
-1042.1885 -2471.2947 91.830956
-1039.5837 -2471.7188 91.733284
-1035.5765 -2472.371 91.70852
-1031.8495 -2473.0747 91.693504
-1028.467 -2473.982 91.68015
-1025.1598 -2475.084 91.672714
-1021.83923 -2476.1902 91.66976
-1018.5121 -2477.2988 91.66694
-1015.1849 -2478.4075 91.66694
-1012.3624 -2479.348 91.66694
-1008.836 -2480.5227 91.66701
-1005.89404 -2481.503 91.67115
-1002.0423 -2482.7864 91.69465
-998.5914 -2483.9365 91.73206
-995.72906 -2484.8901 91.77125
-991.94366 -2486.1514 91.95874
-988.7559 -2487.2134 92.14223
-986.0135 -2488.127 92.33478
-982.0089 -2489.4612 92.583176
-979.2602 -2490.3772 92.68706
-975.3598 -2491.6768 93.041374
-972.2119 -2492.7256 93.53914
-970.66455 -2493.2412 93.76598
-969.3961 -2493.6638 94.002686
-966.06226 -2494.7747 94.56628
-962.56244 -2495.9407 94.85208
-959.4127 -2496.9902 95.07972
-955.93066 -2498.1504 95.346954
-954.3036 -2498.6924 95.47596
