1889.6296 6834.316 145.6072
1886.8383 6836.8022 145.49017
1881.6216 6841.4487 145.17299
1876.3943 6846.1045 144.82559
1870.2291 6849.806 144.40262
1864.3766 6853.1895 143.17253
1861.6039 6859.6167 142.85878
1858.4628 6865.449 143.74078
1852.6398 6865.7935 143.73547
1847.227 6870.1875 143.09265
1843.297 6875.3516 144.07506
1840.9592 6881.9497 144.51247
1835.4369 6885.6797 143.95258
1834.6764 6892.1904 143.20374
1830.2052 6894.1816 143.67787
1823.6963 6891.6074 143.26868
1818.5282 6887.832 144.43887
1817.6606 6881.3423 146.00601
1822.8647 6876.976 145.22644
1828.5852 6872.956 144.70657
1834.0039 6869.021 145.77168
1840.7494 6867.1533 143.63913
1846.5748 6863.5723 142.24908
1849.339 6857.159 141.66594
1850.4594 6850.2563 142.66086
1851.3011 6843.306 142.88194
1851.1852 6836.311 142.1066
1850.3298 6829.3745 141.57864
1848.4673 6822.628 140.74371
1845.4939 6816.324 140.19963
1839.4698 6813.661 139.76022
1833.1263 6811.5 139.08784
1826.1996 6810.5566 138.56995
1819.2036 6810.3174 138.30403
1812.5767 6811.686 137.82541
1807.3867 6807.6914 137.67995
1802.7836 6802.3994 137.4865
1797.6182 6797.6797 137.19809
1792.3822 6793.034 136.84518
1787.6135 6787.8784 136.78358
1781.4441 6784.6514 136.80614
1774.5537 6784.1167 138.23936
1768.1588 6786.8403 140.00809
1763.6586 6792.108 139.90916
1761.6744 6798.8145 138.79454
1762.8793 6805.5806 137.42152
1766.6787 6811.392 137.20567
1771.9252 6816.126 137.48584
1778.0663 6819.44 137.73836
1784.7881 6821.325 138.01755
1791.7499 6821.9834 138.7167
1798.1401 6820.3545 138.81033
1803.6307 6816.4824 137.98776
1808.1167 6811.781 137.54242
1814.1799 6807.7285 138.3293
1820.9824 6809.354 138.42993
1827.7909 6810.9805 138.61728
1834.6487 6812.3433 139.24973
1841.2537 6814.621 139.8889
1847.8517 6816.959 140.47617
1853.4469 6820.805 141.57281
1859.7233 6823.7627 142.92741
1866.2032 6826.3813 143.3711
1872.5608 6829.301 144.01665
1879.3583 6830.894 144.68323
1886.3014 6830.683 145.18138
1892.8623 6828.34 145.55159
1897.0553 6823.4126 146.02736
1898.8174 6816.6606 146.68605
1899.3888 6809.936 146.78622
1898.4297 6802.773 146.09288
1896.4482 6796.3086 144.86485
1893.7163 6789.61 144.50366
1890.5869 6783.3667 143.21246
1888.7206 6777.0054 144.21986
1891.0925 6770.491 145.47238
1893.8438 6764.0586 145.5237
1896.4845 6757.835 145.412
1898.9137 6751.0303 146.90184
1901.3169 6744.729 147.41913
1900.6246 6737.922 146.8878
1898.4451 6731.2705 145.89018
1895.2404 6725.0728 145.12071
1890.2537 6720.1978 145.02925
1883.6141 6717.503 144.49641
1876.7438 6716.163 143.68768
1869.8334 6715.2905 142.83638
1863.0233 6716.499 142.38257
1857.0812 6720.1753 142.33636
1855.5872 6726.8203 142.14299
1854.5402 6733.7554 141.37994
1852.3036 6740.179 140.96747
1852.8173 6746.915 140.76949
1854.6372 6753.869 141.93495
1860.6738 6756.875 143.05656
1867.5776 6757.95 143.94449
1874.1326 6760.116 145.88934
1881.1157 6761.0737 145.8652
1886.724 6756.9585 145.07372
1892.2042 6752.5483 146.07965
1897.1987 6747.654 147.55379
1902.0182 6742.577 147.37747
1906.3617 6738.014 147.32098
1911.6512 6732.457 147.08232
1916.4967 6727.366 145.89378
1921.3229 6722.296 145.01222
1926.149 6717.2256 143.97543
1930.8112 6712.3276 144.98123
1933.3772 6706.4 145.17572
1931.9868 6699.4966 144.96126
1930.3744 6692.6504 145.97354
1927.7566 6686.24 146.61876
1923.8402 6680.4497 146.57056
1918.5542 6675.8623 146.00984
1913.4331 6671.246 145.81404
1911.3956 6664.8765 145.79124
1916.8953 6661.542 146.12077
1923.7908 6660.503 146.29933
1930.0444 6658.2983 146.90009
1936.1434 6654.8794 147.47923
1942.1077 6655.1724 147.33913
1949.1455 6655.044 146.80482
1956.0201 6656.3433 147.07414
1962.6195 6658.478 147.61617
1967.9899 6662.9517 147.93965
1972.3624 6668.38 147.11711
1974.3977 6675.128 146.4008
1974.3425 6681.9434 146.07129
1971.242 6687.999 145.616
1965.6526 6692.356 146.76227
1959.668 6695.7886 147.74532
1952.9722 6697.625 147.31877
1945.9731 6696.3203 146.37714
1940.1698 6692.972 145.97273
1937.4283 6686.504 146.80202
1936.7811 6679.5215 147.75044
1939.0663 6673.1143 148.09186
1934.1105 6669.688 147.1733
1928.5415 6672.9746 146.58862
1926.5836 6679.6045 146.7383
1927.1501 6686.2866 146.66609
1931.5259 6692.005 145.95596
1936.5913 6696.813 145.2566
1942.2734 6699.4453 145.70279
1949.8406 6700.7114 146.71022
1956.7708 6699.802 147.70256
1963.5851 6698.2007 147.55713
1967.8684 6693.4614 146.35164
1972.5947 6688.432 145.70808
1976.749 6682.8843 146.46756
1978.833 6676.22 146.43475
1977.7147 6669.716 145.90794
1973.4489 6664.5044 146.65842
1973.9443 6657.396 146.29732
1974.431 6650.4126 145.80844
1974.9177 6643.4297 145.22482
1975.3009 6636.441 144.3289
1975.9608 6629.6587 143.20813
1973.6031 6623.109 142.50441
1969.4874 6618.0786 142.09628
1963.082 6615.2554 142.30344
1956.6768 6612.4316 142.65851
1950.2714 6609.6084 143.1088
1943.9175 6606.6777 143.37622
1937.8982 6603.251 143.75743
1931.5221 6601.6875 143.96422
1925.373 6603.909 143.95786
1927.6036 6603.3604 143.8739
1932.9357 6598.947 143.98969
1938.9976 6596.6523 143.80095
1944.5022 6601.3496 143.2679
1943.964 6607.909 143.40114
1942.5839 6614.7334 144.21048
1941.753 6621.6675 144.86147
1940.5764 6628.056 145.57939
1939.1494 6635.4233 146.73125
1938.0818 6642.2676 147.70944
1939.73 6648.6465 147.75575
1944.0265 6654.1685 147.19629
1950.9457 6655.229 146.81223
1957.865 6656.289 147.129
1964.7842 6657.3496 147.542
1970.687 6659.2964 147.19183
1975.5062 6664.4106 146.04388
1977.2941 6671.1016 146.06697
1976.5703 6677.662 146.36722
1971.8339 6682.7974 145.89423
1966.4633 6686.9185 146.53993
1961.3972 6691.8916 147.54147
1955.5006 6695.619 147.61726
1948.5946 6696.4688 146.71078
1941.6073 6696.138 145.7845
1937.0864 6691.054 145.9387
1932.9818 6685.386 146.61777
1930.1565 6678.9873 147.02684
1927.7095 6672.055 146.47174
1929.9142 6665.412 146.61357
1930.9271 6658.8784 146.93806
1929.9827 6651.959 147.27586
1932.1963 6646.045 147.62589
1935.2994 6639.931 147.44832
1939.3832 6634.4204 146.55849
1944.059 6629.25 145.48979
1949.5962 6625.032 144.72089
1956.4132 6623.712 143.95041
1963.2982 6624.901 143.482
1967.7162 6629.7236 143.85744
1971.1836 6635.529 144.60641
1974.8994 6641.74 145.08095
1978.0565 6647.8022 145.202
1982.6815 6652.979 144.9002
1988.0094 6657.5195 144.54193
1993.6842 6661.383 144.51343
1999.8179 6660.1377 144.53146
2004.8889 6655.6016 144.15959
2010.7018 6651.313 143.8431
2016.3441 6647.17 143.5261
2021.877 6643.429 143.32013
2027.5319 6639.84 142.94196
2034.3483 6638.9707 142.75023
2041.2849 6638.039 142.73259
2046.2437 6642.859 143.41545
2051.1694 6647.742 144.31438
2057.526 6649.345 144.89648
2062.383 6654.3857 144.25325
2067.24 6659.4263 144.2187
2072.0972 6664.467 145.93256
2076.9187 6669.54 146.162
2079.8657 6674.616 145.6292
2076.5195 6680.219 146.02376
2069.796 6678.9844 145.86835
2067.4734 6673.148 145.37383
2070.8645 6667.063 145.99747
2075.3105 6661.751 145.98528
2076.2957 6655.0107 145.0259
2073.8152 6648.5303 143.16289
2070.0051 6642.83 143.147
2069.8435 6647.399 142.88887
2074.559 6652.5312 144.35486
2077.8293 6658.72 145.38217
2081.094 6664.928 145.11127
2084.364 6671.101 144.86928
2087.022 6677.446 145.20947
2092.0215 6681.611 145.64204
2098.924 6682.7417 145.96791
2105.3818 6684.7695 146.49518
2105.6157 6690.9927 146.32347
2099.7144 6694.0913 146.35245
2095.5745 6689.4463 146.34618
2092.0015 6684.0435 145.92656
2086.8877 6678.941 145.43405
2081.9324 6673.9966 145.34773
2076.9824 6669.058 146.16212
2073.2656 6663.212 145.93878
2070.0806 6656.9785 144.48204
2066.8958 6650.7446 143.42882
2062.4036 6645.9805 144.0211
2058.0156 6640.527 143.98703
2051.5706 6638.833 143.29997
2045.0588 6636.3564 142.70045
2038.111 6635.51 142.28053
2031.2631 6635.036 141.7664
2025.7269 6639.3203 142.6853
2020.1879 6643.6 143.176
2014.8372 6647.735 143.53018
2009.1099 6652.1606 143.88312
2003.5709 6656.4404 144.2297
1998.0319 6660.7207 144.56125
1992.4929 6665.001 144.50041
1986.2509 6667.3125 144.75914
1979.8479 6664.5674 145.13414
1973.5543 6661.408 146.48654
1967.2837 6658.4253 147.6313
1960.4108 6657.2075 147.3524
1953.4205 6656.8374 147.06522
1946.5448 6657.01 147.01114
1939.615 6657.973 147.31693
1933.7489 6661.02 147.08
1927.6151 6663.1973 146.42218
1921.0605 6664.8887 145.9982
1914.4794 6667.2734 145.81609
1908.3456 6669.496 145.46835
1901.3169 6672.0435 144.5018
1895.0724 6674.917 143.84657
1890.5325 6680.2437 143.68341
1886.4954 6685.9624 143.98433
1884.4823 6692.2256 144.05382
1886.6256 6698.805 143.76175
1889.8961 6705.0103 143.85657
1893.133 6711.217 144.49706
1896.7787 6716.9517 144.86014
1900.1603 6723.0635 145.33911
1902.4915 6729.655 146.41624
1903.1904 6736.5767 147.01576
1902.05 6743.4473 147.39955
1899.5394 6749.9746 147.10916
1895.9446 6755.9624 145.74074
1890.8593 6760.7417 145.12839
1884.8716 6764.3076 145.48213
1878.4762 6764.4907 146.07568
1872.2576 6761.3076 145.51399
1866.0718 6758.0015 143.71104
1859.9169 6754.697 142.64108
1853.2822 6753.602 141.69077
1846.8973 6756.2524 141.0168
1840.8516 6759.7812 140.20786
1834.8059 6763.3096 139.53491
1831.1747 6768.6724 139.45786
1829.3593 6775.431 139.56204
1825.2734 6780.993 139.37677
1819.7389 6785.2593 138.78055
1813.1779 6788.134 138.60675
1806.6953 6790.775 138.19525
1800.3993 6793.415 137.35434
1796.2854 6798.966 137.73978
1792.9742 6805.133 138.50558
1788.6423 6805.8496 137.1952
1786.0983 6804.5376 137.2036
1782.6241 6803.886 137.21115
1782.9196 6807.2466 137.21016
1784.8923 6808.8623 137.2952
1783.399 6807.469 137.21713
1780.1674 6807.962 137.16214
1782.2692 6810.1016 137.30511
1781.9038 6808.033 137.19342
1783.2169 6805.1323 137.20712
1786.6716 6804.833 137.79997
1790.1686 6804.977 138.56578
1792.7643 6805.127 138.2666
1794.5034 6805.322 138.22218
1793.7795 6805.128 137.26857
1792.0314 6805.056 137.20201
1790.324 6804.9316 137.17456
1788.7345 6804.2515 137.19095
1786.9885 6804.249 137.20178
1785.3151 6804.1304 137.20377
1782.3167 6803.367 137.2105
1784.6447 6803.741 137.21637
1786.6201 6802.5615 137.24052
1783.8407 6801.5146 137.35033
1783.2108 6801.5835 137.3544
1784.8756 6801.2627 137.33145
1782.7054 6801.7256 137.31732
1782.507 6801.768 137.30304
1782.151 6801.8438 137.27757
1782.7192 6801.7227 137.3182
1781.4735 6801.9883 137.2319
1779.406 6802.4297 137.47542
1777.3013 6804.799 137.38213
1775.7457 6807.8086 138.8237
1774.2605 6811.0884 137.12129
1773.0947 6814.3887 138.68768
1771.9292 6817.688 138.58127
1770.7634 6820.9883 138.5465
1770.7239 6821.1006 138.49571
1772.1656 6825.283 138.56927
1774.5674 6831.858 137.882
1777.0988 6838.378 137.42648
1781.383 6843.892 138.21153
1786.8289 6848.166 139.27742
1793.3351 6850.589 140.0304
1800.0853 6851.5786 140.39146
1806.2451 6849.4194 141.27669
1810.3419 6843.7437 140.81274
1816.3295 6838.949 141.38168
1822.0796 6834.957 140.66522
1827.8298 6830.9653 141.55121
1833.5801 6826.9736 140.4903
1839.2458 6822.872 139.78065
1844.385 6818.2363 140.08827
1849.948 6817.715 140.76163
1854.8257 6822.604 141.89244
1861.1566 6825.57 143.82594
1867.466 6828.318 143.55005
1870.407 6828.765 143.82286
1873.3481 6829.2134 145.18275
1876.2893 6829.661 144.82002
1876.7094 6829.725 144.37418
