42935691 33990
42898793 10750
42898793 11851
42930280 20750
42930280 22876
42937381 1125
42916780 105
42873343 161
42904015 867
42930280 25219
42873343 177
42904015 955
42873353 145
42813697 124260
42873350 152
42930280 26479
42930280 27802
42916780 115
42873343 194
42904015 1052
42873353 159
42930280 29192
42916780 120
42873343 203
42904015 1104
42873353 166
42930280 30651
42916780 126
42873343 213
42904015 1159
42873353 174
42930280 32183
42873343 234
42904015 1216
42873353 191
42873350 166
42944242 68291
42944239 68291
42944247 68291
42944251 68291
42916780 132
42873343 245
42904015 1276
42873353 200
42873350 174
42916780 132
42873343 257
42904015 1405
42873353 210
42873350 174
42930280 33792
42904015 1475
42873353 220
42873350 182
42930280 35481
42916780 138
42904015 1475
42930280 37255
42916780 144
42904015 1548
42930280 39117
42916780 144
42904015 1625
42930280 41072
42916780 151
42904015 1706
42930280 43125
42916780 158
42904015 1791
42971702 151500
42971804 60750
42971724 151500
42978735 105000
42904015 1974
42979089 600
42904015 2175
42904015 2397
42978735 115762
42930280 47545
42988500 5555
42904015 2641
42930280 52418
42904015 2911
42904015 3208
43007968 110
43007990 110
43007982 110
43007977 110
42904015 3536
43007977 120
43007982 120
43007990 120
43007968 120
43010697 100100
43007982 132
43007977 132
43007968 132
43007990 132
42930280 57789
42904015 3897
43007968 151
43007968 173
43052658 1500
43060667 50100
43070823 19688
43082300 431200
43092624 13125
43093912 15000
43099539 20100
43099337 117800
43100572 17500
43103291 180000
43103035 180000
43102862 180000
43103038 180000
43102861 180000
43103285 180000
43190523 65555
43189415 308639
43182611 45000
43162852 40824
43187594 99850
43154714 140000
43121582 99225
43121595 105105
43162840 40824
43162845 40824
42986110 10990
43189417 308639
43094103 98750
42989212 881600
43195616 18750
43195634 18750
43195625 18750
43195241 20100
43195686 6000
43196027 103360
43196436 1125
43197972 100100
43200858 105000
43200862 105000
43195616 20671
43162852 45008
43162840 45008
43162845 45008
43203810 119000
43203807 119000
43203806 119000
43203803 119000
43203864 1575
43203811 119000
43121595 115878
43203805 119000
43203864 1735
43291022 1125
43277522 100100
43277518 100100
43277514 100100
43266783 51808
43290942 36736
43290947 36736
43268665 18750
43277555 55781
43277535 100100
43277509 100100
43290950 36736
43277557 53125
43279360 1125
43277505 100100
43269077 6000
43277552 53125
43370067 27000
43306727 147199
43306732 147199
43370577 6615
43359160 43136
43306731 147199
43306730 147199
43316532 6000
43268665 20671
43306729 147199
43370581 6615
43311592 32736
43311592 36090
43370067 29767
43388625 109500
43388623 109500
43370067 32818
43370577 7292
43370581 7292
43370577 8038
43370581 8038
43397352 114000
43397352 125685
43399262 110100
43399265 110100
43399260 110100
43399185 114858
43400562 99999
43400568 99999
43400574 99999
43401946 99800
43401943 99800
43311592 39788
43399265 121385
43399260 121385
43399262 121385
43403182 1500
43403258 99799
43403260 99799
43403261 99799
43403259 99799
43403257 99799
43370577 8860
43406755 601300
43406754 601300
43408605 305000
43408611 305000
43409662 3750
43399265 133826
43399260 133826
43474398 614000
43474406 614000
43474403 614000
43474402 614000
43474401 614000
43474399 614000
43474410 614000
43474468 614000
43474405 614000
43474397 614000
43466999 611800
43467010 611800
43467033 611800
43466251 99999
43465915 452884
43465919 452884
43465438 47250
43454386 524399
43475043 600000
43443827 526575
43466920 99998
43465917 452884
43465916 452884
43472045 405400
43409662 4339
43471418 405400
43471402 405400
43466919 99998
43466249 99999
43472053 405400
43370577 10768
43471394 405400
43431525 559640
43481484 25000
43544306 157500
43542958 157500
43535955 1575
43535957 1575
43535942 1575
43535951 1575
43535944 1575
43564728 418000
43497456 858733
43487429 153300
43542954 157500
43542967 157500
43542961 157500
43529289 47250
43544312 157500
43535953 1500
43562041 50750
43564750 418000
43529293 47250
43535941 1500
43564722 418000
43542957 157500
43564725 418000
43403182 1653
43529289 52092
43568694 229839
43542957 173643
43578545 1
43578545 2
43585885 25000
43583827 41082
43579143 600
43579149 20600
43579154 20600
43578549 10300
43577129 21637
43576506 151600
43576504 151600
43573030 155000
43533680 180915
43541631 13610
43592268 9999
43550591 99079
43544306 182325
43675830 400000
43660278 48399
43660281 48399
43660280 48399
43660277 48399
43660523 48289
43660553 48289
43660282 48399
43785292 600000
43692591 158
43786387 841699
43693801 104442
43692588 138
43784581 43900
43786380 841699
43791455 375
43797241 1125
43797248 1125
43797255 562
43797298 562
43797302 562
43797311 562
43797315 562
43797316 562
43797319 562
43797327 562
43797331 562
43797352 562
43797353 562
43797363 562
43878830 600
43879898 100
43880019 450
43882429 93500
43882137 94000
43882011 3000
43882015 3000
43881990 3000
43882129 94000
43882133 94000
43881548 125955
43879134 70000
43875435 7054
43859731 375
43859916 110000
43859917 110000
43859921 110000
43856872 2250
43855120 1
43851612 53540
43851605 53540
43882128 94000
43882136 94000
43882141 94000
43882005 3000
43880656 1800
43847776 111500
43847738 111500
43847752 111500
43847746 111500
43847760 111500
43844537 10500
43844532 10500
43844523 10500
43844778 47250
43844797 47250
43844783 47250
43843614 47250
43843879 35284
43843884 35284
43835627 2623
43831807 45000
43831803 45000
43829855 3750
43829843 3750
43828935 16754
43859920 110000
43859915 110000
43859914 110000
43856818 9969
43856830 9969
43825288 8038
43825285 8038
43823219 11500
43823188 11500
43823129 11500
43823119 11500
43823194 11500
43823171 11500
43823124 11500
43823198 11500
43852912 47250
43816256 10100
43875430 7054
43813924 189578
43808438 41754
43808434 41754
43808421 41754
43808432 41754
43838483 600
43863238 40037
43863227 40037
43798979 110
43828940 16754
43880019 495
43823173 11500
43823214 11500
43790540 45000
43847783 111500
43784581 50818
43783607 600
43843871 35284
43840952 26880
43778795 337
43808417 39766
43808429 39766
43850089 14288
43862305 18750
43823189 11500
43798980 105
43808426 39766
43870393 126000
43683412 2825
43850040 14288
43862311 18750
43830822 48979
43691889 600
43844799 45000
43844792 45000
43847334 47250
43706706 4912
43808440 39766
43776392 49540
43829088 10500
43706714 4912
43706711 4912
43844770 45000
43870465 45000
43828931 16754
43714670 44438
43864502 30000
43871261 275
43843866 33604
43706718 4912
43843881 33604
43844950 1050
43844812 47250
43714688 44438
43845304 47250
43829838 3750
43847308 49612
43851609 53540
43844774 45000
43883194 36000
43844807 45000
43850051 14288
43849994 14288
43883213 2000
43823178 11500
43823196 11500
43828942 16754
43828945 16754
43859837 787
43798977 105
43799284 105
43835393 150
43805333 110
43809940 26000
43844102 30000
43816259 10100
43847296 47250
43847341 45000
43848308 19500
43850064 14288
43881341 45000
43881499 622401
43882007 3000
43790009 2550
43882430 93500
43882438 93500
43776403 49540
43823202 11500
43823168 11500
43823213 11500
43762417 609
43828934 16754
43828930 16754
43829868 3750
43714690 44438
43884496 10000
43884490 10000
43883114 117265
43884504 10000
43884501 93000
43883437 187
43883106 117265
43844382 126105
43843922 750
43885219 600000
43884505 93000
43885208 600000
43885293 562
43885516 4480
43886856 46500
43886832 67658
43886621 9584
43887534 854960
43887533 854960
43888654 40000
43888746 50000
43798979 120
43798980 115
43872080 519
43890081 70232
43889801 17500
43890568 3310
43868753 110
43890562 1312
43880036 3562
43892045 10500
43872015 5000
43892052 10500
43892720 10600
43892544 27360
1061717687 0
0 0
1061847527 0
1062756410 0
1061587847 0
1063969236 0
1064768934 0
1064166948 0
43893573 94000
1064364659 0
1061977367 0
1063376102 0
1063081010 0
1061267180 0
1063112487 0
43893579 94000
43892952 100
1064496467 0
1062107208 0
1062431809 0
1063924972 0
1061860314 0
1063310198 0
1065028615 0
1064760082 0
1062172128 0
1063989893 0
1061333084 0
1063665292 0
1061530795 0
1065223376 0
43893568 94000
1064119733 0
1061068485 0
1064314493 0
1062189833 0
1062496729 0
1063573813 0
1065155505 0
1062301968 0
1064628274 0
1062387545 0
1061133405 0
1061728507 0
1064298755 0
1063405611 0
1062886250 0
1064184653 0
1062237048 0
1061201276 0
1063860052 0
1065287312 0
43895767 64799
1062848872 0
1061596699 0
43895685 56699
43895686 56699
43895766 64799
43895817 93731
1063340691 0
1061328166 0
1063705621 0
1062321641 0
1063639717 0
43895765 64799
1064639094 0
1061794411 0
1062453449 0
43896377 32004
1064379414 0
43896085 32004
43896080 32004
43896077 32004
43896073 32004
43895856 35099
43895857 35099
1061912447 0
1062951170 0
1061782607 0
1061198326 0
1064891889 0
1064444334 0
1062691489 0
1061522926 0
1064574174 0
1064694178 0
1063145930 0
1062626569 0
1061662603 0
1063442006 0
1061263246 0
1061458006 0
43905610 154000
43919189 111398
43921543 95600
43919189 122815
43905610 169785
43923078 48000
43926449 30079
43926446 30079
43926443 30079
43870465 49612
43933473 161398
43938527 499999
43938519 499999
43938514 499999
43939656 499999
43939650 499999
43905610 187187
43946927 206000
43946933 206000
43946934 206000
43951764 60100
43859837 867
43919189 135402
43919189 149280
44003247 219116
44003246 219116
43981264 600000
43976344 120
43963362 191441
43981256 600000
43996517 46676
44018022 86000
44017983 86000
43976344 132
43996517 51459
44073699 41730
44067277 703564
44067280 703564
44061500 19979
44069760 272548
44069760 531483
44094845 100
44094852 100
44094709 52000
44094639 52000
44069760 585959
44097817 409900
44097821 409900
44094639 57330
44100408 250000
44100413 250000
44100418 250000
44069760 646018
44094709 57330
44102245 35074
44094639 63205
44094639 71153
44094639 82367
44061500 22025
44094709 63205
44094709 69683
44146167 450100
44146177 450100
44146161 450100
44146156 450100
44094709 76825
44094709 84699
44167387 493500
44094709 93379
44100413 275625
44100408 275625
44100418 275625
44094709 102949
44094709 113500
44094709 125133
44094709 137958
44176173 2250
44094709 152097
44176173 2734
44187562 1
44187562 2
44187562 4
44187562 7
44187562 9
44187562 11
44187473 84000
44187475 84000
44187472 84000
44187424 0
44187980 100
44187978 100
44187562 13
44187984 100
44094709 167686
44187982 100
44182748 196000
44187978 110
44187980 110
44187982 110
44187978 120
44187980 120
44187984 115
44187982 120
44187980 132
44187978 132
44192487 100
44193844 156735
44194692 100
44194690 100
44197491 15000
44199827 161398
44205834 7500
44199827 177940
44217261 100
44229794 151462
44229793 151462
44229782 151462
44229782 166986
44229794 166986
44235752 108304
44176173 3013
44176173 3321
44246580 440100
44246268 158026
44261807 6615
44280890 100
44270461 45000
44270429 45000
44270462 45000
44261807 8439
44280892 100
44270434 45000
44235752 119404
44280878 100
44270459 45000
44280885 100
44270440 45000
44287483 30000
44287483 33075
44261807 9768
44261807 10768
44293836 108304
44295278 46765
44297123 20398
44261807 11871
44261807 13087
44261807 14428
44295278 51558
44261807 16701
44320094 379500
44261807 18412
44295278 56841
44297123 22487
44261807 20298
44295278 62667
44261807 22377
44261807 25902
44295278 69090
44261807 165056
44297123 24791
44337848 46765
44339972 45000
44340871 10100
44340875 10100
44342298 500000
44295278 76171
44342893 0
44295278 83977
44297123 27331
44295278 92583
44377552 61500
44377555 61500
44377554 61500
44377553 61500
44377551 61500
44380512 102500
44385260 93000
44390076 10000
44390072 10000
44400680 100
44400680 110
44419040 14315
44419040 15781
44429982 108304
44400680 126
44460304 100
44472135 50000
44494576 115000
44494523 45000
44494528 45000
44494521 45000
44486384 677920
44494520 45000
44494526 45000
44497514 440100
44502693 45000
44503083 450100
44514854 45000
44516764 500000
44516766 500000
44516763 500000
44516765 500000
44532717 49153
44551616 100
44532717 59743
44547369 100
44560992 191441
44561950 50000
44571051 93500
44571556 55473
44571050 93500
44573107 76735
44578934 43500
44578931 43500
44578896 98500
44578898 98500
44578893 98500
44578895 98500
44578894 98500
44494520 49612
44589039 7500
44589021 7500
44589017 7500
44589020 7500
44589029 7500
44589038 7500
44589025 7500
44589036 7500
44589016 7500
44589033 7500
44589040 7500
44589034 7500
44589013 7500
44589019 7500
44589026 7500
44589023 7500
44589042 7500
44589027 7500
44589015 7500
44589032 7500
44592810 6000
44592794 6000
44592802 6000
44592797 6000
44592775 6000
44592779 6000
44592807 6000
44592811 6000
44592770 6000
44573107 84599
44592805 6000
44592812 6000
44592804 6000
44592767 6000
44592764 6000
44592782 6000
44592785 6000
44589026 8268
44589029 8268
44589040 8268
44589020 8268
44589013 8268
44589019 8268
44589038 8268
44589016 8268
44589036 8268
44589034 8268
44589027 8268
44589023 8268
44589042 8268
44589032 8268
44589015 8268
44589039 8268
44573107 93269
44589017 8268
44589021 8268
44589033 8268
44589025 8268
44589026 9115
44589040 9115
44589036 9115
44589029 9115
44589020 9115
44589016 9115
44589034 9115
44589013 9115
44589019 9115
44589038 19615
44589042 19615
44589027 19615
44589023 19615
44589032 19615
44589015 19615
44589039 9115
44589017 9115
44589021 9115
44589025 9115
44589033 9115
44589036 10048
44589013 10048
44589026 10048
44589019 10048
44589020 10048
44589029 10048
44589016 10048
44589040 10048
44589034 10048
44589021 10048
44589017 10048
44589033 10048
44589025 10048
44589040 11077
44589019 11077
44589034 11077
44589026 11077
44589029 11077
44589013 11077
44589036 11077
44589016 11077
44589020 11077
-1495269376 -1344929791
-1380450304 -1344929791
227540992 -1344929791
-848822272 -1344929791
-27787264 -1344929791
1 0
44651853 116391
44645150 20998
44589034 14841
44589033 14841
44589040 14841
44589036 14841
44589038 23840
44589025 13462
44589029 14841
44589026 14841
44589020 14841
44589016 14841
44589013 14841
44589019 14841
44589042 23840
44589023 23840
44589027 23840
44652594 132
44589032 23840
44589015 23840
44662320 133484
44664712 126
44658530 105
44662293 165235
44589039 13462
44589021 13462
44589017 14841
44664712 138
44662320 147165
44652594 144
44589040 16362
44589020 16362
44589038 26283
44589023 26283
44589027 26283
44589042 26283
44589032 26283
44589015 26283
44589039 14841
44589021 14841
44589017 16362
44651853 128320
44589025 14841
44589013 16362
44589019 16362
44589026 16362
44589036 16362
44589016 16362
44589033 16362
44589029 16362
44589034 16362
44589020 18039
44589040 18039
44589038 28976
44589023 28976
44589027 28976
44589042 28976
44664712 151
44664712 173
44662320 162249
44662293 182170
44662320 178879
44662293 200841
44662320 197213
44662293 221427
44700267 500100
44645150 23149
44652594 165
44664712 190
44658530 120
44664712 208
44709246 154600
44662293 244122
44785613 7500
44794816 45000
44794816 49612
44800719 311007
44800714 311007
44820486 110100
44820477 110100
44820473 110100
44822442 45000
44822442 49612
44794816 54696
44831081 45000
44831685 100
44831074 45000
44831685 110
44833961 249900
44840733 158339
44846717 26797
44846717 29542
44882633 26244
44846717 32569
44886269 150100
44886754 50500
44886748 45500
44846717 37701
44846717 41565
44846717 45825
44846717 83911
44897146 45000
44846717 101992
44901834 750
44901841 750
44904166 158339
44846717 112445
44846717 123970
44846717 136676
44846717 150684
44920907 55000
44920875 51500
44968545 105
44963708 1250000
44963806 396000
44953009 118750
44945245 45000
44920875 56778
44956317 200000
44963810 396000
44942284 45000
44931293 420564
44952968 118750
44931252 363300
44956317 220500
44978612 156765
44981082 100
44983371 1407842
44981082 110
44991366 499999
44991716 35000
44978612 172833
45004599 26079
45014903 45000
45014899 45000
45014906 45000
45014901 45000
45014894 45000
0 5
45038374 33075
45038370 33075
45018041 757333
45014899 49612
45014906 49612
45014901 49612
45014903 52092
45004599 31697
45014894 49612
45037758 105
45048311 57000
45047537 60000
45067080 1850000
45004599 34945
45014894 54696
45070596 43000
45070595 43000
45070594 43000
45070597 43000
45070585 84500
45004599 38526
45037758 115
45004599 42474
45037758 126
45014901 54696
45014906 54696
45014899 54696
45014903 57430
45087161 12000
45092378 200000
45092378 220500
44997438 575
45096460 1875
45109672 15000
45109663 15000
45109248 109500
45109658 15000
45109681 15000
45109677 15000
45109663 16537
45004599 46826
45109672 16537
45109663 18231
45109672 18231
45109663 20099
45109658 16537
45109681 16537
45122879 55000
45122884 55000
45109672 20099
45109663 22158
45122886 55000
45122881 55000
45109677 16537
45109672 22158
45109663 24428
45109681 18231
45109658 18231
45004599 51625
45176418 224000
45175180 111111
45175172 111111
45137099 399999
45096460 2169
45037758 138
45176418 246960
45186664 37500
45186689 2250
45186805 100
45186814 100
45186916 100
45192799 156000
45193004 82923
45192799 171990
45194978 89400
45194980 89400
45197136 45000
45196995 75000
45197129 45000
45196995 82687
45204474 99999
45204471 99999
45204478 99999
45204454 99999
45204481 99999
45204483 99999
45204486 99999
45204467 99999
45204497 99999
45204491 99999
45196995 91162
45228087 1442480
45204483 110247
45204454 110247
45204486 110247
45204478 110247
45204497 110247
45204481 110247
45204467 110247
45225741 229874
45193004 91422
45175180 128623
45225693 100
45225699 100
45225691 100
45225705 100
45225711 100
45225685 100
45225687 100
45225718 100
45204491 110247
45225498 787
45196995 110807
45193004 100792
45175180 180982
45175172 135054
45225693 144
45225685 151
45225699 151
45225705 151
45225691 151
45225711 151
45225687 126
45225718 126
45204491 127623
45204474 121546
45204471 121546
45287154 102923
45287304 99999
45196995 122164
45287304 110247
45225693 158
45225705 165
45225699 165
45225711 165
45225685 165
45225691 165
45225687 138
45225718 138
45225693 173
45225685 181
45225691 181
45225705 181
45225699 181
45225711 181
45225718 151
45225687 151
45298618 187
45301375 113635
45301376 113635
45301380 113635
45301374 113635
45301379 113635
45301373 113635
45301378 113635
45301377 113635
45301382 113635
45349713 100
45349709 100
45331109 47250
45309802 177940
45301382 125281
45301377 125281
45301378 125281
45298618 225
45349722 105
45349734 105
45349703 105
45349707 105
45349717 105
45287154 113472
45348795 20398
45204474 134004
45204491 140704
45301380 125281
45196995 141419
45175172 156340
45349729 105
45301373 125281
45323543 69295
45301379 125281
45301376 125281
45323527 36104
45301374 125281
45204471 134004
45175180 199532
45349713 115
45349709 115
45349722 115
45349717 115
45349734 115
45349707 115
45349703 115
45175172 172364
45349729 115
45349713 126
45349709 126
45175172 190031
45349729 126
45349713 151
45349709 151
45349722 126
45349734 126
45349703 126
45349707 126
45349717 126
45349729 144
45323527 39804
45376744 258836
45378410 67500
45378407 67500
45378408 67500
45378406 67500
45378409 67500
45298618 247
45196995 155913
45323527 43883
45404362 105
45402414 39054
45399106 219665
45402414 43056
45402417 41006
45331109 54696
45349729 218
45404362 115
45349729 262
45404362 126
45349729 288
45404362 138
45349729 317
45402414 47468
45402417 45208
45433963 1002445
45438035 30000
45437599 110
45437574 110
45436011 358836
45393449 657333
45437676 100
45437684 100
45402414 52333
45437599 126
45437574 120
45440540 20000
45432691 1902084
45437684 110
45437574 132
45437574 144
45454973 45000
45449862 47250
45449883 45000
45437684 120
45459156 2001969
45462246 408750
45467665 15000
45465989 6615
45465977 7292
45479076 10000
45465989 7292
45465977 8038
45465989 8038
45465977 8860
45481877 203200
45465989 8860
45465977 9768
45465989 9768
45465977 10768
45437684 132
45465989 10768
45465977 11871
45437684 144
45437684 158
45437684 173
45437684 190
45465989 12464
45465977 13741
45465989 13741
45465977 15149
45437684 208
45437684 228
45437684 250
45437684 275
45494762 39900
45494393 87698
45467665 16537
45454973 49612
45499195 161398
45516545 131194
45437684 302
45524819 6000
45524805 60544
45525715 19703
45524819 6945
45465977 16701
45524819 7656
45524819 8860
45437684 332
45465977 18412
45537735 1000000
45538684 39054
45537711 1000000
45537702 1000000
45537717 1000000
45537720 1000000
45537707 1000000
45537715 1000000
45538643 71007
45465977 20298
45524819 9768
45524819 10768
45541384 158026
45542764 158643
45524805 70086
45549664 105
45538643 82198
45465977 22377
45524819 11871
45561903 400000
45524819 13087
45549664 115
45545278 358750
45549664 126
45564846 30000
45567003 303500
45567004 303500
45566978 303500
45566991 303500
45567006 303500
45566993 303500
45566985 303500
45566989 303500
45566995 303500
45566980 303500
45566982 303500
45566988 303500
45566998 303500
45567007 303500
45567001 303500
45549664 10651
45567008 303500
45566996 303500
45566984 303500
45567000 303500
45567005 303500
45465977 24669
45524819 15149
45568148 100
45524805 81132
45549664 11742
45525715 21722
45524819 17536
45524805 89447
45465977 27197
45524819 19332
45524819 22377
45572171 105
45549664 12945
45572171 115
45549664 14984
45572171 126
45549664 16519
45524819 24669
45576816 401500
45525715 23948
45524819 27197
45549664 18211
45549664 20077
45549664 22134
45524805 98614
45564846 33075
45589129 1500
45524805 108721
45549664 24402
45589129 1735
45524819 29983
45524805 125857
45589129 2007
45524819 33056
45614467 256654
45612261 550
45608704 158026
45612262 550
45612259 550
45610393 787
45610379 787
45610384 787
45610380 787
45610387 787
45610383 787
45616185 55500
45616146 53500
45644687 1002445
45616185 64247
45616185 70831
45662409 90100
45678329 787
45675317 300000
45613339 115
45613356 115
45678332 787
45727120 359860
45722773 151655
45722761 151655
45722755 151655
45720324 30000
45718442 7656
45718442 9768
45684517 600
45722780 159237
45762823 96000
45762828 96000
45749608 787
45749613 787
45718442 166814
45749599 787
45759298 1506492
45749585 787
45749602 787
45762833 96000
45749610 787
45749595 787
45749605 750
45749590 787
45749587 787
45749594 787
45749578 787
45772811 258836
45749613 867
45749608 867
45776624 75000
45775922 115000
45777484 66513
45778599 569468
45778346 109600
45749613 955
45749608 955
45749599 867
45749578 867
45749590 867
45749594 867
45749587 867
45749585 867
45749602 867
45749610 867
45749595 867
45806712 105
45800065 850000
45800066 850000
45800063 850000
45792727 1500
45792724 1500
45789986 900000
45807509 202854
45800064 850000
45790640 50000
45816203 100100
45819762 100100
45792727 1653
45806712 115
45835686 3750
45839009 95000
45839971 531240
45849207 150100
45849214 150100
45849197 150100
45849223 150100
45849220 150100
45849186 150100
45849190 150100
45849216 150100
45849231 90100
45849202 150100
45849232 90100
45849188 150100
45849193 150100
45850032 68733
45849214 165485
45855096 304225
45864294 187
45864294 205
45850032 75777
45867401 105000
45867404 105000
45869281 301940
45871497 339580
45871498 339580
45850032 92106
45880667 290000
45880687 290000
45880671 290000
45880683 290000
45880675 290000
45880679 290000
45882428 100100
45890477 399999
45835686 4133
45891659 3750
45892230 12000
45897840 287280
45850032 101546
45850032 111954
45897840 316726
45905005 750
45905005 826
45890477 440997
45906859 199999
45907331 2000384
45911498 1000000
45905005 910
45850032 123428
45905005 1002
45891659 4133
45955968 804677
45946562 90100
45946565 90100
45946539 90100
45891659 4555
45946556 90100
45946559 90100
45850032 136078
45946551 94605
45946536 94605
45937161 4077
45850032 150025
45946539 99335
45946556 99335
45850032 165402
45850032 182355
45850032 201045
45850032 463151
45980646 18750
45980636 7500
45980639 18750
45980643 18750
45986969 800000
45986970 800000
45984574 100000
45984192 15750
45980636 8268
45974136 155000
45964286 590
45959745 132
45959750 132
45959758 138
45959760 144
45959724 132
45959732 132
45959716 132
45984627 100000
45943660 15717
45891659 6101
45946559 99335
45932299 99540
45850032 510623
45891912 15000
45987307 187240
45891910 15000
45959760 158
45959745 144
45959732 144
45959716 144
45959724 144
45959750 144
45959758 151
45959750 4673
45959724 4673
45959716 4673
45959745 4673
45959732 4673
45959758 4680
45996659 100000
45996375 43900
45997223 149560
45998532 91082
45998526 91082
45998523 91082
45998854 700024
46001539 108304
46001513 50319
46002565 135000
46002565 148837
46014120 44962
46014710 11875
46015620 3750
46015713 100
46015603 3750
46015708 100
46015591 3600
46015601 3750
46001513 55475
46016047 100
46014120 49570
46016825 121220
46014120 54650
46019082 90082
46019492 113280
46019498 113280
45990989 791524
45996375 48399
46014120 60251
46015603 4133
46030129 3700
45937161 4494
46014120 66426
46037749 11250
46037753 11250
46057778 98800
46054012 288803
46054008 303243
46046346 2950
46046349 2950
46054009 288803
46054007 288803
46054006 288803
46044247 3000
46046360 2950
46046357 2950
46046351 2950
46054010 288803
46044252 3000
46054011 303243
46015620 4133
46046354 2950
46046363 2950
46014120 76895
46054008 334325
46015601 4133
46054006 318405
46054007 318405
46063100 2250
45980636 9115
45980639 20671
45980646 20671
45980643 20671
46068403 3000000
46044124 0
46075394 3937
46014120 84775
45987307 206432
46081999 100
46082003 100
46014120 93463
46086402 252000
46086399 252000
46090375 306270
46054009 318405
46054010 318405
46014120 103042
46014120 113603
46097410 1899999
46100299 505000
46105417 100000
46107344 1007212
46114300 50000
46114300 55125
45980636 10048
46121554 3050000
45980636 11077
46121561 3050000
46014120 125247
46161784 100
46133279 16079
46133281 16079
46133256 45944
46133277 13230
46133263 39690
46131542 50000
46100299 556762
46014120 159848
46014120 176232
46166420 100100
46167054 25975
46168284 2250
46168270 2250
46166420 110360
46168258 2250
46168288 2250
46168244 2250
46168233 2250
46168270 2480
46168244 2480
46168288 2480
46168233 2480
46166420 121671
46178487 208683
46178493 208683
46178498 208683
46133281 17726
46133279 17726
46133277 14585
46133277 16079
46133277 17726
46133279 19542
46133281 19542
46133256 50653
46133263 43757
46133277 19542
46133263 48241
46133281 21544
46133279 21544
46166420 134141
46201976 11250
46201976 12402
46214974 600
46133281 23752
46133279 23752
46133277 21544
46014120 194295
46133281 26185
46133279 26185
46133277 23752
46201976 13673
46014120 214209
46217411 15000
46218941 1204992
46133281 28868
46133279 28868
46133277 26185
46217411 16537
46227524 45000
46133277 28868
46201976 15073
46133279 31826
46133281 31826
46133277 31826
46231609 406000
46231577 346000
46100299 613830
46241102 15000
46244972 45000
46214974 661
46259059 45000
46259064 45000
46256954 100
46256982 105
46256982 115
46266512 1230890
46266438 70100
46201976 17447
46273432 80100
46273442 80100
46273449 80100
46273436 80100
46259059 49612
46259064 49612
46201976 19234
46266512 1357055
46296955 1600890
46217411 18231
46201976 22264
46217411 20099
46302067 201075
46201976 24545
46259064 54696
46201976 27060
46317498 2995000
46302067 221684
46323047 30000
46323369 100
46327166 45000
46323369 110
46329837 10100
46329846 10100
46331814 979500
46302067 244406
46327166 49612
46340598 100
46259064 60301
46327166 54696
46259059 54696
46346784 55473
46348085 156000
46259064 66481
46201976 29833
46259064 73295
46259059 60301
46259064 80806
46355075 100
46201976 32890
46360504 15000
46360502 15000
46360497 15000
46360866 929540
46374393 105
46374354 100
46374349 100
46363976 4000000
46387482 205600
46355075 126
46374363 100
46374368 100
46201976 39976
46201976 44072
46389160 301500
46387482 226674
46355075 138
46355075 151
46394099 100544
46398868 157131
46355075 165
46355075 181
46374393 115
46374354 110
46374349 110
46374393 126
46374354 120
46374349 120
46355075 199
46374368 110
46374363 110
46374349 132
46374354 132
46355075 218
46374368 120
46374363 120
46412651 30000
46412610 60544
46412610 66749
46259064 89088
46355075 239
46374363 132
46374368 132
46374349 144
46374354 144
46435030 47250
46412610 81132
46374354 173
46435031 45000
46355075 262
46374354 190
46435031 49612
46456152 18750
46489478 67500
46484966 1405999
46483120 45000
46483181 105
46480553 160000
46478107 269083
46435030 57430
46483199 100
46412610 89447
46483190 100
46483172 100
46435031 57430
46488645 1265241
46483181 115
46496130 49153
46496130 58332
46496577 30000
46483181 126
46483181 138
46483199 110
46483172 110
46513801 7656
46508074 547834
46508076 547834
46492508 7875
46532613 235600
46513801 8439
46483199 132
46529475 1000000
46433502 113719
46532614 235600
46494080 12000
46524418 216351
46513801 9303
46513799 8038
46535415 979500
46524418 238526
46513801 10256
46513799 8860
46513801 11306
46513799 9768
46513801 12464
46544958 80000
46544967 80000
46513801 14428
46513799 10768
46513801 15906
46492508 8681
46513799 11871
46546372 251075
46513799 13087
46513801 17536
46483199 144
46483190 110
46483172 120
46483172 132
46492508 9570
46483172 144
46483190 120
46483199 158
46483199 173
46569828 45000
46572871 295600
46580112 104442
46581802 45000
46492508 10550
46586438 67500
46590384 30403
46590436 254962
46590398 30403
46590391 30403
46591694 316000
46597643 447824
46598171 1000000
46591694 348390
46598171 1102500
46492508 11630
46590436 281095
46456152 20671
46625158 336000
46586438 74418
46627172 90100
46628730 1609501
46632465 201398
46632475 308645
46633589 201673
46625158 370440
46634172 99999
46590436 309906
46638052 6000
46638063 6000
46638056 6000
46638343 3307
46639931 45000
46639918 45000
46642288 16063
46642288 17709
46642288 19523
46642288 420523
46657677 483999
46655217 25975
46655217 28636
46638063 6615
46638052 6615
46638056 6615
46663943 67500
46664209 3305000
46664183 42250
46664179 42250
46663943 74418
46655217 31570
46671401 7875
46670938 3501600
46655217 34805
46673351 18750
46672964 110100
46642288 463626
46677049 161398
46580112 115500
46673351 20671
46598171 1215506
46682673 129960
46682670 129960
46684332 104442
46685983 523639
46685954 523639
46685973 523639
46685979 523639
46685969 523639
46685977 523639
46685975 523639
46685985 523639
46685961 523639
46685984 523639
46685940 523639
46685948 523639
46688183 80398
46690396 3290000
46690393 3290000
46690404 3290000
46690400 3290000
46692613 3750
46700723 1968
46700805 2400
46673351 22789
46700805 2646
46709203 1875
46673351 25124
46655217 38372
46709203 2066
46700723 2169
46714128 490100
46638056 7292
46638052 7292
46638063 7292
46720331 201398
46720085 1875
46673351 27699
46727817 38412
46677049 177940
46673351 30537
46799691 45000
46784243 25000
46775859 126
46789727 105
46756979 209000
46796296 99900
46677049 205986
46756983 209000
46756963 209000
46673351 40919
46751505 503615
46769577 45281
46756966 209000
46756971 209000
46773563 1450000
46806407 450000
46806405 450000
46775859 138
46775859 151
46775859 165
46775859 181
46816698 100000
46816718 100000
46816686 100000
46816643 100000
46816708 100000
46816693 100000
46673351 45112
46673351 49735
46775859 199
46775859 218
46870467 45000
46843412 206049
46834181 47686
46863356 7500
46870398 45000
46789727 120
46863351 7500
46673351 60451
46839848 45000
46840178 6000
46863356 8268
46891720 51100
46894467 50000
46839848 49612
46912760 201441
46913674 191602
46913179 45000
46920469 211441
46921566 39054
46840178 6615
46840178 7292
46840178 8038
46840178 8860
46937433 7500
46937427 7500
46938260 500000
46938259 500000
46840178 9768
46945304 187
46945714 366000
46945711 366000
46946638 390100
46946642 390100
46946634 390100
46946054 100
46946059 100
46946696 100
46840178 10768
46954278 1125
46954201 100
46954724 1500
46954201 110
46956382 401888
46956351 401888
46956361 401888
46957112 401888
47042366 499900
47042397 499900
47041206 206500
47038180 127519
47038170 121447
47041833 124858
47007269 77932
46990422 51875
46937433 8268
46937427 8268
46988691 161447
46954724 1821
46921566 43056
47042990 200000
47043089 47800
47020781 999995
46945304 205
47044450 381793
47044439 381793
47044845 100
47044446 381793
47045214 100
47045319 600
47045181 12000
47045199 100
47050222 1000000
47038180 140588
47058699 151673
47065298 45000
47044450 420926
47044439 420926
47065124 90000
47044446 420926
47066912 2926
47066918 2926
47066921 2926
46921566 47468
47066914 2926
47066919 2926
46921566 52333
47079685 301007
47081652 500000
47083896 45000
47085173 50000
47065124 99225
47091274 6000
47091280 6000
47091276 6000
47091257 6000
47091440 39900
47091442 39900
46921566 57696
47094076 6000
47095794 201075
47108952 51100
47111202 100
47111199 100
47111205 100
46921566 63609
47117047 40100
47117051 40100
47116703 56000
47117054 40100
47116701 56000
47116701 61740
47134868 45000
47083896 49612
47066921 3225
47066912 3225
47066918 3225
47111202 110
47111199 110
47111205 110
47111205 120
47111202 120
47065124 109395
47111205 132
47111202 132
47159276 158026
47163377 55000
47168634 50000
47169117 100
47170061 45000
47170058 45000
47169117 115
47111205 144
47111202 144
47169117 126
47111205 158
47169117 138
47169117 151
47169117 165
47169117 181
47183819 1500
47169117 199
47169117 218
47159276 174223
47169117 239
47191290 450000
47169117 262
47254087 1182
47225747 110
47221774 11812
47212980 15193
47194755 3720
47170061 52092
47170058 54696
47163377 60637
47194903 694
47159276 192080
47230217 46095
47254087 1303
47263809 110
47263809 5265
47265327 219500
47263809 5804
47170061 57430
47268498 303696
47268518 303696
47263809 10500
47194755 4101
47263809 11576
47221774 13022
47263809 12761
47221774 14356
47221774 16617
47275794 100
47263809 14068
47259829 104442
47275805 100
47275688 76735
47221774 18319
47212980 17586
47263809 16284
47275784 100
47263809 18849
47221774 20195
47263809 20780
47212980 19388
47281793 1875
47281774 1875
47281778 1875
47212980 21374
47281801 1875
47281784 1875
47281788 1875
47281797 1875
47263809 22909
47212980 42000
47263809 25256
47275688 84599
47263809 27843
47286692 7500
47263809 30696
47290789 100
47292724 29999
47290789 110
47194755 4521
47296063 100000
47194755 4984
47263809 33841
47297808 499999
47297801 499999
47263809 39174
47275688 93269
47263809 43188
47263809 47614
47309462 1500000
47263809 52493
47263809 57872
47314163 600
47263809 63803
47314775 221075
47263809 70342
47315570 104221
47230217 50818
47275688 102828
47325205 70000
47225747 120
47263809 77551
47225747 10632
47329920 50398
47281797 2066
47281788 2066
47281793 2066
47281774 2066
47225747 11721
47281778 2066
47281801 2066
47281788 2277
47281797 2277
47281793 2277
47281774 2277
47281778 2277
47281801 2277
47281784 2066
47275688 113367
47263809 85499
47263809 94261
47263809 103922
47263809 126316
47263809 146225
47263809 161212
47377365 120
47377373 120
47387279 3543
47281788 2634
47225747 12922
47395763 74557
47447014 104442
47447462 45000
47441035 104442
47415848 51238
47422851 46095
47377373 190
47377365 190
47422843 46095
47435737 356063
47434756 326000
47418886 168520
47454408 104442
47422866 46095
47281788 3200
47422847 46095
47422851 50818
47377365 208
47377373 208
47422843 50818
47418886 185793
47422866 50818
47422847 50818
47422858 46095
47281788 3528
47281788 3889
47418886 204836
47495134 241007
47422858 50818
47512932 45000
47514559 106000
47514565 106000
47559064 37500
47559054 37500
47531376 16365
47512932 49612
47495134 265709
47531376 18042
47571092 50000
47495134 292943
47577458 199999
47495134 322969
47577453 199999
47577453 220497
47577458 220497
47531376 19891
47584856 50000
47577453 243097
47577458 243097
47584207 226239
47587729 156765
47590249 5625
47590390 9407600
47594616 22944
47594606 31104
47531376 21929
47531376 24176
47605928 45000
47594616 25295
47608981 50000
47590249 6201
47590249 6836
47620344 42250
47620356 42250
47620332 42250
47620347 42250
47620311 42250
47620241 76735
47620338 42250
47620324 42250
47620322 42250
47620319 42250
47620313 42250
47620352 42250
47620360 42250
47620362 42250
47620365 42250
47620367 42250
47620241 84599
47628099 11250
47628107 11250
47628110 11250
47628110 12402
47628107 12402
47628099 12402
47633256 1004992
47636156 45000
47636160 45000
47634098 51564
47636167 45000
47636164 45000
47594616 27886
47620338 46580
47644849 500000
47644799 2000000
47620356 46580
47620360 46580
47620365 46580
47620367 46580
47628110 13673
47628099 13673
47628107 13673
47656669 2999999
47659274 48799
47644799 2205000
47672996 750
47675935 106000
47685471 100
47685471 110
47685471 126
47693216 150000
47693212 150000
47694085 45000
47695665 447600
47694085 49612
47710238 50100
47710241 50100
47710250 50100
47644849 578812
47722170 6000
47722217 649423
47628107 15073
47628099 15073
47628110 15073
47722382 70000
47722353 80000
47722348 30000
47724896 302854
47722217 715988
47727614 392655
47728698 132532
47728698 146115
47728698 793920
47722217 3151876
47730455 3220
47735404 71007
47728698 1053796
47735404 78284
47741312 447600
47742825 45000
47742823 45000
47815392 82050
47934338 262500
47919928 24791
47918164 105000
47915693 80215
47943473 57000
47934338 289406
47946257 450000
47815392 90459
47919928 27331
47915693 88436
47955709 51100
47934338 319069
47956399 158339
47958490 49999
47959251 38248
47959229 50398
47915693 97499
47971859 30000
47975939 45000
47978743 509999
47975939 49612
47815392 99730
47959251 42168
47919928 30131
47975939 54696
47959251 46489
47919928 33218
47915693 107491
47959251 51253
47919928 36621
47915693 118508
47959251 56505
47918164 115762
47815392 109951
47989529 114858
47990293 250100
47989529 126630
47975939 60301
47919928 42392
47918164 127627
47815392 121220
47975939 66481
47915693 130654
47919928 46736
47915693 144045
47919928 51525
47915693 166749
47915693 183840
47915693 202683
47915693 223457
47915693 246360
48011586 100
48019462 150000
48020462 75000
48011586 110
48029018 6000
48029654 1012
48020462 82687
48029654 1115
48167333 955555
48159232 120000
48159223 120000
48158666 162200
48158657 162200
48135354 189088
48162539 296000
48129357 300000
48112600 42348
48112294 2202
48164419 490100
48038196 460000
48038201 460000
48038199 460000
48038257 460000
48038254 460000
48038252 460000
48038250 460000
48038217 468570
48038220 468570
48038215 468570
48038219 468570
48038214 468570
48038194 460000
48038115 466730
48038097 466730
48038109 466730
48115844 45000
48038099 466730
48123277 152200
48038324 460000
48038226 489601
48038082 460000
48038086 460000
48038216 468570
48038079 460000
48038087 460000
48038197 460000
48038323 460000
48038068 460000
48038306 460000
48038268 460000
48038274 460000
48081622 250100
48123607 120000
48038271 460000
48038290 460000
48038275 460000
48038278 460000
48038233 466287
48169693 158026
48167439 93750
48038325 460000
48174436 159000
48175813 50100
48112600 46688
48038274 507150
48038254 507150
48038271 507150
48038099 514569
48182492 50750
48038097 514569
48038099 567311
48038275 507150
48189616 51238
48112600 51473
48190874 38412
48193994 39900
48193997 39900
48193976 39900
48193978 39900
48193999 39900
48193980 39900
48193988 39900
48193881 286950
48193983 39900
48193986 39900
48197747 250000
48112294 2427
48201538 21000
48201541 21000
48203505 500100
48203521 500100
48203518 500100
48203513 500100
48203510 500100
48203507 500100
48204142 499900
48231679 243
48286943 43136
48293375 500000
48293374 500000
48112294 2948
48287991 45000
48286861 43136
48286870 43136
48298238 1550890
48286875 41082
48286861 47556
48231679 267
48231679 295
48300970 149086
48347061 66666
48339480 38000
48339469 38000
48339482 38000
48339477 38000
48323166 48000
48286861 55050
48286943 47556
48339483 38000
48339475 38000
48371681 100
48372346 6000
48286943 52429
48375301 162200
48381864 47250
48381857 45000
48383292 45466
48383283 45466
48384019 38000
48384017 38000
48384015 38000
48384023 38000
48383283 52631
48391934 500000
48381857 52092
48381864 54696
48395961 15000
48396650 3750
48398403 44962
48399331 45000
48400080 809293
48400216 1500
48399331 49612
48400216 1653
48406508 294962
48398403 49570
48395961 16537
48400216 1821
48381857 57430
48381864 60301
48400216 2007
48437021 62515
48436052 353696
48425520 152200
48339480 41895
48425527 152200
48445784 51100
48423345 52834
48426811 514605
48441528 60100
48454303 100000
48463013 456924
48463009 456924
48463024 456924
48463015 456924
48463003 456924
48463029 456924
48462894 2203124
48462998 456924
48372346 6615
48466709 500000
48470320 151673
48476221 2007500
48487412 45000
48491145 50000
48493855 8472
48495814 45000
48495299 115000
48495299 126787
48463005 456924
48501872 37500
48502467 49000
48503581 39054
48504871 100
48504866 100
48504861 100
48503581 45208
48508044 13135
48510461 20000
48510447 119000
48510682 82500
48510461 22050
48503581 49841
48515897 67515
48517340 3002532
48515897 74434
48520927 950241
48515897 82062
48515897 90473
48515897 99745
48532013 161398
48535137 150000
48515897 109969
48537481 600
48515897 121240
48515897 133667
48540100 6000
48540030 100
48515897 154735
48515897 170594
48520927 1047640
48543935 192735
48515897 188079
48547138 61602
48515897 207356
48515897 228609
48515897 252040
48515897 1050000
48515897 1157625
48537481 661
48565017 53791
48537481 728
48547138 67916
48547138 74876
48537481 802
48584792 200100
48585217 96199
48593849 100
48593844 100
48598174 43900
48616449 6300
48613694 1909570
48613691 1909570
48613697 1909570
48607899 120
48602876 42417
48607873 120
48607897 120
48537481 928
48610224 85000
48619794 100
48607897 132
48547138 95559
48616449 6945
48627033 16365
48638492 55000
48602876 46763
48547138 105352
48638492 60637
48638143 100000
48636763 399920
48537847 30214
48650646 100
48627033 18042
48514988 35941
48627033 19891
48627033 23025
48602876 51556
48627033 25384
48627033 27985
48663874 41049
48666143 100
48666130 100
48665797 1500
48665776 9375
48666665 209153
48667838 36864
48667505 3002390
48668513 750
48669723 100
48671550 6000
48602876 56839
48674936 500000
48537847 33310
48676794 43867
48676279 43620
48627033 30853
48602876 62664
48679846 40037
48679850 40037
48679836 40037
48665776 10335
48679851 40037
48679841 40037
48679840 40037
48679833 40037
48665776 11393
48681758 50000
48627033 34014
48602876 69086
48682704 100
48602876 76167
48682709 100
48682709 110
48627033 37499
48665797 1653
48684641 203574
48691901 200346
48693141 3750
48693146 3750
48627033 41341
48627033 45578
48537847 36723
48697793 209579
48697795 209579
48537847 40486
48701363 40100
48701360 40100
48701578 5000
48701576 5000
48701365 40100
48602876 83973
48701363 44210
48701756 750
48701579 5000
48701573 5000
48701575 5000
48701360 44210
48701752 750
48701758 750
48701746 750
48701756 826
48703799 215156
48703738 300455
48716046 11431
48719575 2554388
48627033 52760
48716522 37851
48722872 45000
48716522 41730
48671550 6615
48716522 46006
48726502 141655
48627033 58167
48727750 50319
48728937 36496
48681758 55125
48730943 456160
48716522 50721
48728937 40236
48735834 300100
48738311 56000
48716522 55919
48716046 12602
48716522 61649
48716522 130967
48744397 200100
48744374 200100
48744383 200100
48744378 200100
48744232 31590
48744393 200100
48665797 1821
48752686 2523200
48754305 142923
48738311 61740
48716046 13893
48716046 52591
48671550 7292
48693146 4133
48693141 4133
48686631 54531
48693141 4555
48693146 4555
48716046 57981
48770856 58078
48774229 152923
48773778 455600
48789380 11436
48788900 38412
48784955 200000
48701578 5512
48671550 8038
48701578 6076
48701578 6697
48793881 12562
48788900 42348
48796748 70000
48798951 129324
48793881 13849
48803064 23791
48803692 50319
48804569 204895
48804599 204895
48793881 15268
48793881 16832
48793881 18556
48665797 2007
48817285 50750
48817289 50750
48817279 50750
48817292 50750
48665797 2212
48793881 20457
48820874 49584
48665797 2438
48665797 2686
48824385 100
48823498 82923
48830789 91500
48830787 91500
48830790 91500
48665797 2961
48831771 153000
48831769 153000
48831649 91500
48831768 153000
48831770 153000
48832668 82000
48665797 3264
48681758 60775
48839934 93500
48839935 93500
48839933 93500
48665797 3598
48671550 8860
48847813 251007
48851750 46241
48857448 500000
48860239 439500
48860238 439500
48861924 82610
48868239 159600
48867726 115
48868562 13500
48867489 403848
48867726 126
48823498 91422
48867726 138
48867726 151
48876133 39500
48876074 36000
48867726 165
48876133 43548
48882544 478800
48884845 30000
48884837 30000
48867726 181
48886646 1800
48887481 2500
48890008 1943601
48798951 142579
48890719 44000
48891974 600
48891971 630
48867726 199
48886646 1984
48891971 694
48886646 2187
48867726 228
48891974 661
48823498 100792
48894642 201398
48891971 764
48886646 2410
48867726 250
48897005 258849
48898610 94500
48898609 94500
48898608 94500
48898613 300000
48898621 160000
48898623 160000
48891974 728
48906889 339324
48891974 802
48908282 14500
48891971 842
48891974 884
48823498 111122
48898623 176400
48898621 176400
48823498 122511
48914193 608361
48914126 504000
48914901 453848
48915144 14890
48915126 20553
48898621 194481
48898623 194481
48917537 9087
48891974 974
48891971 928
48915144 16415
48925044 1500
48887481 2756
48925040 1500
48925042 1500
48925048 1500
48925047 1500
48886646 2656
48931924 6000
48932221 7500
48898621 214415
48898623 214415
48931924 6615
48932221 8268
48935756 351500
48891974 1073
48931924 7292
48891971 1022
48937116 199999
48938029 100
48937858 61441
48935756 387528
48945490 44350
48946276 45000
48948782 441500
48948201 172
48947608 23707
48948762 40037
48948760 40037
48950203 473500
48950199 473500
48950202 473500
48950198 473500
48950200 473500
48950201 473500
48951742 9990000
48953592 50000
48953897 50000
49007788 42311
49007789 42311
49007785 42311
49007786 42311
49006958 296000
49005054 35403
48979918 180000
48998305 605000
48963648 13527
48962602 157500
48962577 150000
48988718 40160
48997764 1000000
49007787 42311
48958406 201398
49004541 151600
48945490 51339
48980814 105000
49012649 201500
49013131 129324
49018212 54000
49019278 6000
49019278 6615
49031015 50600
49030598 157605
49030611 157605
49013131 142579
49035735 100
49019278 7292
48980814 115762
48962577 165375
49039331 2973
49041067 10000
49043331 100
49043349 100
49043354 100
49012649 222153
49039331 3277
49046156 27500
49048971 193307
49050125 2625
49050116 2625
49050122 2625
49050134 2625
49019278 8038
49050132 2625
49052045 558836
49019278 9303
49053188 4504351
49055214 43900
49041067 11576
49041067 12761
48997764 1102500
49039331 3612
49059077 28222
49060832 96270
49041067 14068
49060832 106137
49019278 10256
49041067 15509
49013131 157192
49060832 117015
49050122 2893
49050134 2893
49050125 2893
49064676 193209
49060832 129008
49050132 2893
49060832 142230
49050122 3188
49050125 3188
49050132 3188
49050134 3188
49041067 17952
49041067 19791
49069684 40600
49067995 54272
49041067 21819
48980814 127627
49060832 156808
49019278 11306
49041067 24054
48980814 140708
48997764 1215506
49067995 59834
49050132 3514
49041067 26518
49041067 29235
49050134 3514
49050122 3514
49081461 50100
49081461 55235
49060832 172880
49041067 32230
49081461 60895
49081461 67135
49041067 35533
49039331 3981
49086881 51590
49089154 115901
49089256 10562
49039331 4389
49041067 39174
49043349 110
49041067 43188
49050132 3873
49043354 110
49039331 4838
49050122 3873
49091799 200100
48962577 182325
49041067 47614
49039331 5332
49012649 244923
49041067 52493
49041067 57872
49100330 266000
49102196 47950
49041067 63803
49103971 2000243
49041067 70342
49039331 5877
49041067 77551
49041067 85499
49041067 94261
49050132 4269
49041067 103922
49114710 20398
49118485 8472
49059077 31114
49121949 100
49012649 270027
49039331 6478
49126012 9286
49012649 297704
49012649 328218
49012649 361859
49039331 7141
49039331 7872
49012649 525000
49133728 53791
49102196 52864
49133448 52515
49131664 93254
49138424 6000
49139957 7500
49139957 8268
49142998 750
49142999 750
49145026 296000
49145033 296000
49126012 10237
49147087 50750
49149649 203848
49142999 826
49142998 826
49151456 811
49155699 49999
49145033 326340
49157251 108000
49151456 893
49145026 326340
49102196 58282
49157860 100
49157854 100
49157865 100
49155735 40000
49139957 9115
49080401 -1080852778
49080401 -1082122721
49161711 30000
49163782 811
49168415 200000
49157865 110
49157860 110
49157854 110
49043354 120
49169910 44380
49171066 455000
49170449 186000
49171713 36952
49175150 150100
49043354 132
49157860 120
49157854 120
49157860 132
49157854 132
49050132 4706
49043354 144
49157865 120
49139957 10550
49043354 42158
49178231 22250
49178233 22250
49178228 22250
49157865 42132
49178230 22250
49178234 22250
49157860 42144
49157854 42144
49178481 256590
49050132 5188
49139957 11630
49175746 50000
49196772 58522
49197940 500000
49196772 64520
49196772 71133
49205486 26838
49207988 50000
49204001 95500
49203999 95500
49207984 50000
49204002 95500
49213025 100
49213654 23791
49215172 253489
49216169 14851
49216176 14851
49216173 14851
49216178 14851
49216144 14851
49216182 14851
49222723 150100
49224934 50750
49225703 500000
49241260 1500
49243541 57811
49243786 11276
49243514 55196
49243786 12430
49252568 43900
49253131 209054
49252570 43900
49252572 43900
49255274 11431
49263384 10000
49264638 337
49270190 15000
49272389 3750
49273747 159054
49264638 370
49264638 407
49264638 448
49283913 47430
49284130 43867
49284133 43867
49205486 29587
49287264 159054
49287026 3000
49287264 175356
49288024 43867
49288038 40461
49287026 3307
49295636 41049
49296114 76952
49296455 600000
49205486 32619
49205486 35961
49302705 73451
49302771 2007500
49305906 50750
49305946 50750
49305904 50750
49305922 50750
49305910 50750
49305937 50750
49303799 50000
49303778 50000
49302705 80979
49305907 50750
49296114 84838
49302705 89278
49309687 13500
49309935 54531
49313758 154007
49314554 3750
49313756 154007
49302705 98428
49319671 31500
49319714 31500
49319665 31500
49287026 3645
49321104 49110
49319671 38287
49319714 36464
49319665 36464
49319671 42211
49319714 40201
49319665 40201
49319671 46537
49324700 31417
49319714 44321
49319665 44321
49319671 51306
49319714 48863
49302705 108516
49319665 48863
49319671 56564
49329106 2605
49329100 2605
49319714 53871
49319665 53871
49329255 2605
49329275 2605
49329297 9895
49329265 2605
49329135 3845
49319714 59392
49319665 59392
49319671 62361
49330831 45000
49330826 45000
49329265 2871
49329106 2871
49329100 2871
49329135 4449
49330835 45000
49329275 2871
49329255 2871
49329297 10908
49330831 49612
49330826 49612
49330835 49612
49319671 72189
49337084 45000
49319714 72189
49302705 119638
49319665 281664
49319671 79587
49340080 51500
49339718 235600
49329297 12025
49302705 131899
49341011 150000
49319714 79587
49302705 145417
49287026 4018
49319671 87744
49343253 50750
49343252 50750
49342852 150000
49319714 87744
49345492 50750
49329297 13257
49329135 4904
49345489 50750
49287026 4649
49330826 54696
49330831 54696
49329297 14614
49329135 5406
49330835 54696
49347425 37500
49350009 100
49329297 16111
49329135 5959
49319714 96737
49352557 103000
49353660 96049
49353648 60100
49329297 17761
49302705 160321
49347425 41343
49356154 3845
49353660 105893
49329297 20560
49353660 116746
49329297 22667
49302705 176753
49357691 2625
49359464 82552
49302705 194869
49357691 2893
49356154 4238
49359464 91012
49357691 3188
49329297 24990
49352557 113557
49329297 27550
49330826 60301
49330831 60301
49319714 106651
49319671 96737
49370101 11650
49370089 11650
49370094 11650
49370086 11650
49370082 11650
49370089 12843
49370101 13485
49370094 13485
49370082 13485
49370086 13485
49329297 31423
49329297 34643
49319714 117582
49314554 4133
49319671 106651
49319671 123461
49319714 136115
49314554 4555
49319671 136115
49330831 66481
49330826 66481
49370082 14866
49370101 14866
49370089 14159
49370094 14866
49359464 100340
49359464 110624
49359464 121962
49397760 45000
49416687 45000
49384632 420000
49384625 420000
49414858 52537
49403729 50000
49414865 52537
49330835 63316
49408669 26000
49359464 155657
49330831 76959
49330826 76959
49411933 51924
49414365 50100
49414583 446870
49414594 46491
49410000 226124
49417763 52500
49416694 31548
49420703 450100
49421333 750
49421337 750
49421350 750
49421357 750
49423211 100
49397760 49612
49416687 49612
49359464 180190
49427540 3845
49427557 3845
49427551 3845
49427526 3845
49427565 3845
49427491 3845
49427562 3845
49427529 1276
49427529 1405
49423211 110
49416687 54696
49427562 4238
49433696 100
49423211 10500
49435227 202552
49436805 60243
49433696 110
49437359 100
49439400 31417
49427562 4671
49436805 66417
49441933 100000
49444716 41673
49444730 38412
49435227 223312
49437359 110
49436805 73223
49437359 120
49436805 80728
49448091 24000
49427529 1625
49427562 5149
49427529 1791
49439400 34636
49444716 45943
49444730 42348
49427562 5676
49436805 89002
49436805 98124
49427562 6256
49444716 50652
49423211 11576
49444716 55843
49474848 600
49471839 190000
49436805 113590
49423211 13399
49437359 144
49397760 57430
49384625 463050
49384632 463050
49448091 26460
49427529 1974
49534686 450100
49530906 557834
49529832 140100
49525571 3750
49522622 81800
49521689 29852
49534699 450100
49534694 450100
49491322 45000
49486214 110
49534691 450100
49521856 525000
49486519 62226
49530908 557834
49423211 17952
49533344 40332
49411933 57246
49533330 45943
49448091 47512
49530910 557834
49533326 43756
49522613 81800
49526869 600
49437359 190
49538278 600
49538217 174999
49533326 48240
49538766 210618
49538772 210618
49538781 210618
49538795 210618
49411933 63113
49437359 218
49437359 239
49542519 2502532
49533344 44465
49533330 50652
49533326 53184
49486214 120
49544070 11431
49411933 69582
49486214 132
49546911 100
49546907 100
49546901 100
49547090 100
49547094 100
49546902 100
49546912 100
49546909 100
49546906 100
49546899 100
49546903 100
49547091 100
49546905 100
49423211 19792
49547091 110
49423211 21820
49437359 262
49547972 200100
49547094 110
49547090 110
49550291 450100
49550297 450100
49550289 450100
49550301 450100
49550283 450100
49550285 450100
49550286 450100
49505153 15038
49437359 288
49437359 317
49556149 390100
49486214 144
49533326 58635
49558549 557834
49437359 348
49437359 383
49567828 30040
49570565 9200000
49572555 196735
49544070 12602
49574278 501500
49574537 150100
49574527 150100
49574473 250100
49574551 150100
49577205 167656
49533344 49022
49578332 100
49578299 100
49578318 6000
49578293 100
49533326 64644
49533326 71269
49578299 110
49568745 161398
49583110 201075
49588005 100000
49587993 100000
49544070 13893
49521689 32911
49591024 45000
49591017 45000
49591089 45000
49591051 45000
49591106 45000
49592785 2325
49592869 46491
49593093 53500
49593092 53500
49593014 52537
49533326 78573
49594505 199999
49594487 199900
49525571 4133
49595213 201075
49592785 2563
49544070 15316
49597603 53500
49597526 43500
49600532 18750
49600529 18750
49600535 18750
49600537 18750
49601021 199899
49604295 2000243
49583110 221684
49602188 100000
49533344 54046
49578293 110
49608592 750
49578299 120
49578293 120
49578299 138
49578293 132
49578299 151
49578293 144
49613891 150100
49614563 75473
49578299 165
49578293 158
49578299 181
49578293 173
49592785 2825
49608592 826
49614563 83208
49578299 199
49578293 52500
49592785 3114
49608592 10500
49614563 96322
49578299 52500
49619233 402854
49578293 105000
49600529 20671
49600532 20671
49600535 20671
49600529 22789
49600532 22789
49614563 106194
49600535 22789
49625710 440100
49627133 100
49629993 440100
49630005 440100
49630265 2625
49630273 2625
49630278 2625
49614563 117078
49631895 30000
49631682 440100
49631683 440100
49631684 440100
49631547 440000
49632036 108750
49633418 150000
49627133 120
49578293 115762
49634404 30100
49627133 52632
49578299 57881
49578293 127627
49600529 25124
49600532 25124
49600535 25124
49636836 180000
49635781 450100
49594505 220497
49631895 33075
49631895 36464
49700506 299999
49698495 58025
49689753 419500
49669897 52057
49666108 833909
49663119 863620
49661646 150491
49657031 1200
49648052 70000
49704885 1500
49700491 299999
49697671 24486
49704414 1791800
49631895 42211
49648047 70000
49667467 52156
49693626 500000
49648051 70000
49634237 121524
49630273 2893
49630278 2893
49693371 409605
49693294 409605
49689753 462498
49675820 205000
49693291 409605
49693285 409605
49693281 409605
49693371 451589
49706738 109600
49631895 46537
49708843 200000
49538278 661
49538278 802
49716073 240000
49719741 30000
49667467 57501
49724288 20750
49657031 1323
49732558 58078
49657031 1458
49700491 330747
49657031 1686
49736090 80000
49736091 80000
49657031 2698
49657031 2973
49737378 109568
49741130 30000
49741134 30000
49741886 306000
49741918 450100
49741920 450100
49741916 450100
49704414 1975459
49747015 180100
49697671 26995
49747547 36952
49747748 19110
49751457 52057
49752599 29110
49704414 2177942
49754258 42000
49753773 30500
49753774 30500
49754257 42000
49754916 350100
49675820 226012
49747748 21068
49757127 42500
49757126 42500
49757595 50750
49630278 3188
49630273 3188
49757932 100
49760091 50750
49751457 57391
49761309 100
49747547 40738
49704414 2401180
49772541 600
49704414 2647300
49777827 817000
49780061 450100
49780047 450100
49780035 450100
49780055 450100
49780050 450100
49780058 450100
49779819 399900
49780068 450100
49780042 450100
49780064 450100
49704414 2918648
49781827 222222
49704414 3217809
49770959 98000
49785838 31417
49772541 661
49791562 77932
49793119 2625
49793245 6774
49793061 2625
49793066 2625
49793059 2625
49796173 10297
49796179 30500
49795406 91000
49795393 91000
49796180 30500
49800021 172800
49803834 170100
49803845 2625
49803865 2756
49803858 2756
49803852 2756
49803872 2625
49804623 2625
49804768 2756
49804428 600
49803865 3037
49803852 3037
49797719 11500
49805711 450000
49805704 450000
49804768 3037
49803852 3347
49803865 3347
49793061 2893
49807810 299999
49807816 299999
49807813 299999
49808747 100
49809170 100
49809084 91000
49809083 91000
49808750 100
49808761 100
49808759 100
49809160 2250
49810409 459599
49810454 459599
49810449 459599
49810440 459599
49810441 459599
49810439 459599
49810442 459599
49810435 459599
49810438 459599
49810437 459599
49810446 459599
49810443 459599
49810445 459599
49810448 459599
49810404 459599
49810417 459599
49810447 459599
49810436 459599
49810402 459599
49810452 459599
49810450 459599
49810413 459599
49800021 190512
49813605 57500
49816907 30000
49816783 253216
49816877 158026
49816785 253216
49800021 210038
49816916 100
49819279 1698390
49800021 231565
49791562 85919
49816877 174223
49791562 94724
49816877 192080
49831492 89999
49791562 104433
49831491 89999
49772541 728
49804428 661
49833861 414920
49833968 206864
49833854 409520
49824357 44450
49824354 44450
49841153 2500000
49831491 99222
49785838 34636
49843047 400100
49791562 115136
49845472 22998
49804428 728
49772541 802
49850373 447998
49850997 26208
49851674 441500
49791562 126936
49857250 47430
49831492 99222
49859633 2347
49793245 7467
49869469 450100
49859633 2587
49804428 802
49879123 50750
49879236 50000
49819531 43303
49879220 51800
49884192 45000
49885681 86325
49819531 47741
49890398 30000
49890717 550000
49804428 884
49819531 52634
49885681 95173
49895433 195074
49896695 45000
49896902 27587
49896896 27587
49898361 34366
49843047 441158
49898505 450100
49896896 30414
49902004 52563
49902992 518750
49905251 190000
49896902 30414
49885681 104927
49896896 33530
49902004 57950
49902004 63889
49885681 115681
49917958 129999
49921570 2263676
49924738 58522
49941255 19532
49902004 70437
49896902 33530
49896896 36966
49948566 299000
49952662 53791
49952677 203848
49953014 2500
49952951 59200
49953017 2500
49952398 41543
49955257 200100
49956650 455000
49956651 455000
49953014 2756
49957193 8016
49953017 2756
49958896 455000
49958890 455000
49958904 455000
49958893 455000
49958902 455000
49958900 455000
49958898 455000
49957193 8836
49952662 59304
49902004 77655
49896902 38814
49959967 45000
49959710 45000
49902004 85613
49896902 42791
49896896 40754
49966607 159054
49896695 49612
49896695 54696
49969155 258016
49969913 150100
49977628 454500
49977630 454500
49977629 454500
49978397 5000000
49981192 43639
49979761 386316
49982968 37122
49982919 40461
49982861 9129
49982838 41049
49983160 11436
49981192 48111
49957193 9740
49924738 71133
49957193 10738
49957193 11837
49993127 37122
49997461 60398
49999551 103220
49995188 599900
49982968 40926
49982838 45256
50141759 7500
50135891 110746
50122178 155000
50093906 126
50093903 126
50091529 1528644
50049068 400867
50057546 55919
50056009 630
50065646 142230
50135891 122097
50093906 138
50093903 138
50152252 1200
50152253 1200
50152249 1200
50152255 1200
50152672 61441
50156322 128000
50141759 8268
50152672 67738
50165375 279000
50168686 750
50093903 151
50093906 151
50152672 74680
50093903 165
50093906 165
50152672 82334
50093906 181
50093903 181
50194817 204269
50141759 9115
50152672 90772
50152255 1323
50141759 10048
50214658 105
50141759 11077
50141759 12211
50221936 1000384
50141759 13462
50229870 106000
50093906 199
50093903 199
50250998 307333
50263423 172800
50093903 218
50093906 218
50093906 239
50093903 239
50263423 190512
50093903 262
50093906 262
50263423 210038
50275354 25040
50275354 27606
50093906 288
50093903 288
50988341 23625
50980956 399999
50977900 30750
50977893 30750
50975753 299999
50965695 205074
50958415 103861
50955962 194100
50954046 315105
50970729 1005000
50929293 100000
50924046 4500000
50921951 41443
50929302 34384
50932995 4000010
50921952 41443
50926369 201530
50942323 4400000
50831912 509000
50924057 4500000
50831906 528937
50843123 299999
50853144 3974040
50946313 92244
50988341 27348
50946787 127
50955386 3150000
50996232 199500
50946787 140
50946787 154
51002021 100
51004463 1600000
51009926 110000
50946313 101698
50946313 112121
50980956 440997
50980956 486198
51021321 21412
51024478 154858
51008889 94000
51008890 94000
51021321 23606
51037775 955000
51037774 955000
51039388 103489
51043416 20398
51045734 45000
51043416 22487
51052116 54858
51052144 150100
51052141 150100
51052139 150100
51052140 150100
51052142 150100
51052145 150100
51052675 955000
51053362 82552
51054461 100100
51054968 200100
51054907 200100
51054950 200100
51054928 200100
51054956 200100
51054915 200100
51054976 200100
51054922 200100
51054750 400000
51054961 200100
51052116 60480
51058293 121075
51043416 24791
51053362 91012
51066104 45000
51021321 27326
51172706 1750243
51171080 105
51164256 4500
51108292 2400000
51132397 950241
51177966 900000
51164259 4500
51114259 456654
51088920 30294
51125746 62784
51125748 65923
51106896 1055241
51157306 445275
51179632 6007584
51125751 65923
51181409 59300
51181225 1509501
51180141 100
51133742 1852200
51125746 69219
51125748 72679
51133754 1764000
51125751 72679
51125746 80127
51125748 84133
51181490 26598
51125751 80127
51180141 110
51171080 115
51180141 120
51171080 126
51190470 24000
51190463 24000
51190463 26460
51190470 26460
51177966 992250
51198620 203696
51125746 88339
51203215 65745
51190463 29172
51190470 29172
51190463 33769
51190470 33769
51209751 10000
51190470 37229
51190463 37229
51190470 41044
51190463 41044
51171080 138
51280720 2600
51293728 6000
51164256 4961
51164259 4961
51355596 6615
51164259 5469
51164256 5742
51355596 7292
51164256 6646
51164259 6646
51164259 7326
51164256 7326
51164259 8076
51164256 8076
51355596 8038
51355596 8860
51391306 6000
51355596 9768
51355596 10768
51425901 144962
51425901 159820
51425901 176201
51425901 194261
51425901 214172
51479104 56000
51482057 6000
51477954 100100
51482066 6000
51482066 6615
51488405 149874
51482066 7292
51489233 47293
51496304 100000
51488405 165235
51488405 182170
51489233 52139
51520592 25975
51489233 57482
51534647 20100
51539368 754388
51534647 22160
51539368 831712
51520592 28636
51520592 31570
51534647 24431
51545995 121075
51546841 6000
51546841 6615
51546841 7292
51555664 237793
51534647 26934
51546841 8038
51563143 388808
51534647 29694
51546841 8860
51489233 63373
51425901 236124
51489233 69868
51425901 260326
51489233 77029
51489233 84924
51546841 9768
51546841 10768
51596117 108750
51605716 6300
51605716 6945
51546841 11871
51612543 8000
51612542 8000
51425901 287009
51612543 8820
51631713 6000
51631710 6000
51631712 6000
51631718 6000
51631713 6615
51631712 6615
51631718 6615
51660325 3750
51661317 75000
51668548 43254
51673503 50000
51674660 92254
51676751 20532
51681856 43756
51674660 101709
51681856 48240
51681856 53184
51676751 22635
51681856 58635
51681856 64644
51674660 112133
51681856 74832
51681856 82501
51676751 24954
51754214 39054
51676751 27511
51681856 90957
51768988 51462
51769003 51462
51770198 100
51770193 100
51770195 100
51770190 100
51770188 100
51769003 56736
51768988 56736
51673503 55125
51769003 65677
51768988 62550
51769003 72408
51768988 68960
51673503 60775
51809411 100
51804674 37500
51809409 100
51769003 83820
51768988 79829
51807483 59000
51769003 92411
51768988 88011
51804674 41343
51768988 97031
51804674 45580
51830814 999919
51804674 827251
51804674 912043
51804674 1005527
51804674 1108593
51842635 18750
51804674 1222223
51804674 1347500
51850332 51462
51850308 51462
51850306 51462
51850316 51462
51850304 51462
51804674 1485618
51804674 1637892
51804674 1805775
51866896 55500
51866905 157000
51866896 61188
51850316 56736
51850306 56736
51850304 56736
51850332 56736
51850316 62550
51850306 62550
51850304 62550
51850332 62550
51850308 56736
51880648 58500
51866896 67459
51866896 74372
51866896 81994
51894354 59000
51850304 68960
51850316 68960
51850306 68960
51894354 65047
51850332 68960
51866896 90397
51899829 1000000
51899784 152000
51900604 45000
51850332 76028
51850306 76028
51850304 76028
51850316 76028
51899829 1102500
51899829 1215506
51909764 13125
51887384 262500
51899784 167580
51850304 83820
51850316 83820
51850306 83820
51850332 83820
51866896 104644
51850306 92411
51850316 92411
51850304 92411
51850332 92411
51932049 40100
51866896 115369
51866896 127193
51866896 140229
51946442 220000
51950175 100
51956725 100
51961037 100000
51961967 128750
51961967 141946
51887384 289406
51961967 156495
51887384 319069
51961967 172534
51976428 6000
51981614 59000
51986081 350000
51986074 350000
51986085 350000
51981614 65047
51991150 255430
52000600 50000
51950175 110
51950175 120
51950175 132
51950175 288
51950175 828
51950175 912
51950175 1004
52053309 49103
52045897 201220
52030470 1839
51981614 71713
52053309 54135
52030470 2026
52000600 55125
52030470 2233
52030470 2461
52107925 45000
52107922 45000
52112301 62854
52053309 59683
52112301 69295
52053309 65800
52053309 72544
52157682 60100
52074638 33302
52163971 54000
52074638 36715
52190368 43254
52242268 33750
52242252 33750
52242287 33750
52237320 105473
52206324 1484
52190368 47686
52242262 33750
52242278 35437
52254067 115000
52254058 115000
52254075 115000
52206324 1635
52256981 43254
52192124 49612
52242287 37208
52242268 37208
52242252 37208
52192124 54696
52304420 104442
52304071 1276
52288794 1000000
52288786 1000000
52288792 1000000
52288789 1000000
52284291 1575
52288797 1000000
52288787 1000000
52312977 6300
52318885 45000
52319199 45000
52319194 45000
52319210 45000
52318878 750
52318885 49612
52320678 36000
52312977 6945
52312977 7656
52327909 45000
52312977 8439
52284291 1735
52284291 1912
52329733 1
52312977 9303
52318885 54696
52333673 1500
52312977 10256
52329733 3
52304071 1405
52329733 5
52304071 1548
52345008 60544
52312977 11871
52304071 1706
52284291 2107
52312977 13087
52284291 2322
52284291 2559
52366216 45000
52364854 6300
52318885 60301
52367696 45000
52284291 2820
52368291 45466
52368292 45466
52284291 3109
52368288 45466
52284291 3598
52312977 14428
52284291 3965
52284291 4371
52284291 4818
52368291 50125
52373783 31500
52368292 50125
52284291 5310
52284291 5853
52376362 1337
52284291 6452
52376446 101
52376444 101
52376470 101
52376456 101
52376449 101
52376457 101
52376477 101
52376461 101
52376439 101
52376468 101
52376467 101
52376458 101
52376474 101
52284291 7112
52376461 111
52376456 111
52376470 111
52376477 111
52376446 111
52376449 111
52376457 111
52312977 15906
52284291 7840
52377247 45000
52368291 55262
52368292 55262
52377874 399999
52376444 111
52376457 121
52376461 121
52376449 121
52376446 121
52376470 121
52376477 121
52376456 121
52380071 3507500
52368291 60926
52368292 60926
52376461 133
52376477 133
52376446 133
52376456 133
52376470 133
52368291 109170
52376474 111
52368292 109170
52368291 120359
52368292 120359
52312977 18412
52312977 20298
52376474 121
52388006 11010
52388225 56000
52376474 133
52376474 145
52312977 22377
52376474 159
52376474 174
52376474 191
52376362 1473
52376474 210
52318885 66481
52312977 24669
52312977 27197
52312977 29983
52407271 301500
52408570 128836
52409812 100000
52410923 65000
52312977 34708
52376474 231
52408570 142040
52312977 38265
52376474 254
52408570 156599
52377247 49612
52417625 45000
52388225 61740
52419715 105466
52410923 71662
52409812 110250
52419706 45466
52419792 45466
52377247 54696
52422227 100100
52419706 50125
52428119 50000
52434066 343
52435862 150000
52435850 150000
52438966 100
52410923 79007
52442167 320
52442159 320
52442105 320
52442104 320
52442108 320
52442118 320
52442168 320
52442165 320
52410923 87104
52442102 320
52442163 320
52442172 320
52442156 320
52442148 320
52442151 320
52442153 320
52442161 320
52442169 320
52446317 100100
52410923 96031
52442173 320
52442171 320
52442175 320
52419706 65762
52448778 50100
52419706 72502
52419792 50125
52419715 116275
52453025 502500
52452745 53118
52452747 53118
52452120 100
52312977 42186
52452746 53118
52452748 53118
52419792 55262
52452747 58561
52457313 34107
52452745 58561
52452747 64563
52462663 6000
52462656 6000
52462629 100
52452746 58561
52452748 58561
52419706 79933
52419792 60926
52408570 172649
52408570 190345
52428119 55125
52467441 50000
52452745 64563
52408570 209855
52452745 71180
52452747 71180
52452745 78475
52452747 78475
52376474 279
52408570 231364
52480921 108750
52452746 64563
52452748 64563
52487651 990000
52312977 46509
52312977 51275
52312977 56529
52503228 10100
52452745 86517
52508287 45000
52508341 45000
52508335 45000
52515077 55745
52516802 156139
52376474 306
52452747 86517
52452745 95384
52538341 45000
52538376 45000
52538368 45000
52538358 45000
52538396 45000
52538388 45000
52538203 10100
52452747 95384
52452745 105160
52452748 71180
52540595 45813
52540524 600
52538203 11135
52457313 37602
52545369 1046
52547814 184992
52552816 152854
52547814 203953
52467441 55125
52558264 90398
52559878 2250
52560882 18500
52538376 49612
52538388 49612
52538358 49612
52538368 49612
52538396 49612
52538341 49612
52567478 220000
52567612 50100
52547814 224857
52545369 1152
52540524 661
52567478 242550
52567478 267410
52560882 20396
52584804 100486
52591445 153692
52593869 2184
52597671 55473
52597964 46654
52598029 46654
52545369 1332
52547814 247903
52593869 2407
52598029 51435
52597671 61158
52597964 51435
52611125 104000
52611122 57000
52598029 56706
52593869 2653
52547814 273312
52613102 45000
52567478 294819
52547814 301325
52567478 341287
52547814 332210
52560882 22485
52567478 395081
52567478 435576
52625536 250000
52547814 366261
52593869 2924
52560882 24789
52597671 67425
52560882 27329
52560882 30129
52547814 403802
52560882 33216
52567478 480221
52547814 445191
52631667 250000
52547814 490822
52538396 54696
52545369 1467
52641324 92000
52641327 92000
52641321 92000
52638261 100
52593869 3223
52597671 74335
52560882 36619
52545369 1617
52639141 20398
52641324 101430
52641327 101430
52641321 101430
52597671 81953
52560882 40371
52567478 529443
52643251 33750
52643248 33750
52638261 110
52567478 675715
52547814 541131
52641324 111826
52560882 44508
52641324 123287
52567478 744975
52641324 135923
52721775 155131
52721797 155131
52719902 110
52660455 61188
52655107 60926
52655110 58025
52675847 645375
52657053 72759
52657053 80215
52657053 88436
52753956 35334
52753580 3007500
52759888 1000000
52762493 51100
52719902 120
52765920 200100
52765932 100100
52765912 200100
52765925 200100
52765916 200100
52765922 200100
52770989 50589
52770987 50589
52770987 55773
52770989 55773
52783756 55334
52770989 61489
52770987 61489
52770989 67791
52770987 67791
52800772 6000
52759888 1102500
52719902 132
52813441 200100
52719902 144
52814818 100100
52814954 50100
52814988 50100
52814975 50100
52814944 50100
52816376 205000
52816386 205000
52817232 49900
52817240 49900
52759888 1215506
52800772 6615
52827893 106000
52800772 7292
52836790 71007
52837785 45000
52837788 45000
52762493 56337
52837781 45000
52836790 78284
52719902 158
52842408 31359
52836790 86307
52837781 49612
52836790 95153
52846030 49900
52846968 13125
52850991 13280
52851974 20100
52837788 49612
52837785 49612
52850991 14641
52846968 14470
52837788 54696
52837785 54696
52837781 54696
52855379 20000
52856455 101655
52856446 101655
52860860 100
52865083 45000
52865084 45000
52900210 45000
52871066 7500
52842408 38115
52816376 226012
52816386 226012
52856455 117676
52922224 100
52922234 100
52922236 100
52922233 100
52922224 110
52922234 110
52922236 110
52924681 92998
52922233 110
52922236 120
52922234 120
52922233 120
52922224 120
52941785 1500
52945719 138016
52948274 6000
52948274 6615
52941785 1653
52962478 80000
52962477 80000
52965250 289999
52971098 15106
53097776 2002390
53095214 25200
53082510 75142
53102513 13287
53046366 11127
53023581 70353
53023570 164467
53102513 16149
53102513 17803
53124561 100
53102513 210000
53046366 12267
53046366 13524
53046366 14910
53046366 18120
53095214 27783
53095214 30630
53275670 13477
53211422 255000
53239965 1053280
53259103 58246
53249909 54035
53289097 100
53289078 100
53291591 62854
53289097 110
53307971 99999
53314650 241824
53319244 115901
53249909 59572
53324598 649423
53325046 34366
53325177 786
53324598 715988
53324598 789376
53324598 870286
53470964 45000
53438680 24007
53418421 15000
53338414 61026
53468114 21169
53338414 67280
53511613 1107515
53511610 1107515
53511601 1107515
53511591 1107515
53511623 1107515
53511606 1107515
53468114 23338
53535129 45000
53468114 25729
53536689 100
53468114 28365
53569982 90100
53569975 90100
53468114 31272
53579142 45000
53579696 100
53584123 105
53588424 45000
53588399 45000
53584123 120
53588417 45000
53588407 45000
53589686 100
53588399 49612
53588424 49612
53589694 100
53598208 120000
53598286 45000
53598786 26394
53598786 29098
53584123 132
53615529 12250
53588424 54696
53615538 12250
53615533 12250
53584123 144
53617075 100
53598286 49612
53588399 54696
53588424 60301
53598286 54696
53588417 49612
53588407 49612
53636296 110
53635152 93439
53649664 45000
53648719 231105
53660348 46000
53660058 201695
53658059 100
53660173 100
53658059 110
53660173 110
53658059 120
53636296 120
53658059 132
53658059 10644
53658059 53734
53658059 59241
53677861 79000
53636296 132
53636296 144
53680965 350000
53636296 158
53684862 770000
53684870 770000
53684864 770000
53684863 770000
53658059 65313
53636296 173
53684869 770000
53685504 26250
53691027 45000
53692175 36000
53696073 60000
53697342 257824
53636296 190
53701512 45000
53696073 66150
53701512 49612
53710414 17500
53710416 16000
53710413 17500
53722413 51655
53722424 51655
53722415 51655
53728604 227793
53731742 121075
53731746 44380
53733069 119600
53733247 180000
53739067 100
53710416 17640
53742070 45000
53741993 45000
53741986 45000
53742005 45000
53742009 45000
53742001 45000
53741997 45000
53741989 45000
53742057 45000
53742064 45000
53742074 45000
53742072 45000
53742054 45000
53742048 45000
53742040 45000
53710416 19448
53710416 21441
53731746 48928
53696073 72929
53774136 100
53774212 24000
53775861 200000
53777705 16866
53774136 110
53787435 1169
53777705 18594
53793103 155000
53792889 157000
53777705 20499
53777705 22599
53792896 158000
53777705 24914
53799197 45000
53799188 100
53801073 36864
53731746 53942
53801073 40642
53777705 27466
53799197 49612
53808148 100
53801073 44807
53777705 31794
53801073 49399
53792896 174195
53808148 110
53808148 120
53808148 132
53787435 1288
53777705 35052
53777705 38644
53777705 42604
53774212 26460
53808148 158
53839402 106864
53839135 66870
53839135 73723
53808148 173
53787435 1419
53839135 81279
53808148 190
53787435 1563
53839135 89609
53808148 208
53777705 46970
53787435 1723
53787435 1899
53839135 98793
53808148 228
53860736 161398
53777705 51783
53787435 2092
53777705 57090
53787435 2305
53839135 108918
53870367 6000
53870309 78645
53870367 6615
53787435 2541
53787435 2801
53787435 3088
53870367 7292
53787435 3404
53870309 86705
53860736 177940
53787435 3752
53839135 120081
53787435 4135
53787435 4558
53860736 196178
53787435 5024
53894520 24000
53808148 262
53808148 288
53900087 26250
53902660 158026
53904929 60544
53900087 28940
53907648 335000
53902660 174223
53914018 100
53916054 150000
53907648 369337
53787435 5538
53904929 66749
53907648 407193
53919609 158026
53787435 6104
53936092 45000
53936105 45000
53936120 45000
53787435 6729
53937246 3675078
53907648 448929
53937246 4051772
53944773 6000
53944929 45000
53907648 494943
53787435 7418
53946416 44377
53787435 8177
53907648 545674
53787435 9014
53958022 27793
53907648 601604
53787435 9937
53958022 30641
53787435 10954
53958022 33781
53787435 12076
53787435 13312
53958022 37243
53958022 43113
53966810 203848
53907648 663268
53907648 731252
53958022 121031
53958022 133436
53958022 147112
53958022 162190
54007458 3812
54060834 258836
54060834 285365
54070893 129324
54074939 45000
54080073 7500
54080070 7500
54091735 172800
54091735 190512
54104049 750
54118244 100
54123191 50000
54123192 50000
54104049 826
54104049 910
54130796 191398
54123191 55125
54131903 6000
54131455 10100
54135076 352655
54131903 6615
54135912 38583
54131903 7292
54131903 8038
54138839 296000
54138848 310800
54138839 326340
54146706 54600
54146132 45000
54146132 52092
54158764 58000
54146132 57430
54146132 63316
54146132 69805
54174829 100
54175362 50346
54123192 55125
54123191 60775
54175362 55506
54146132 76959
54175362 61195
54146132 84846
54146132 93542
54146132 103129
54199339 99999
54146132 113699
54175362 67466
54175362 74380
54146132 125353
54175362 82003
54146132 138201
54249791 20398
54252606 550
54256395 250000
54146132 152366
54146132 167983
54267768 26394
54269935 100100
54269924 100100
54269927 100100
54269925 100100
54262827 20172
54146132 185201
54146132 204184
54288188 210100
54348764 55473
54316136 106137
54339850 6300
54339867 6300
54349354 1500
54349354 1653
54420018 44100
54409974 157367
54394256 13440
54362103 44100
54339850 7292
54428729 5079
54428762 51250
54394256 14817
54428765 51250
54428729 5598
54428729 6170
54435854 301500
54428729 10903
54394256 16334
54428729 19160
54394256 18007
54428729 21123
54394256 19852
54449710 100
54449710 110
54454458 94677
54454458 104380
54455452 61263
54458673 20398
54464118 503000
54464109 503000
54467999 100
54467951 45000
54467925 100
54468004 100
54468004 110
54454458 272578
54467999 110
54468004 126
54467999 120
54467951 49612
54454458 300516
54481857 30000
54481857 33075
54467951 54696
54454458 331318
54481857 36464
54494345 20398
54454458 365277
54494345 22487
54494345 24791
54518875 50100
54519064 37500
54519062 37500
54519176 200100
54519184 200100
54519179 200100
54519510 150100
54522805 100
54522804 100
54522805 110
54522804 110
54522804 126
54522805 126
54531645 150100
54568694 45000
54590881 35000
54590877 35000
54594797 900
54596617 41082
54596629 41082
54598824 100100
54598821 100100
54598810 100100
54598816 100100
54596629 45292
54596617 45292
54596629 49933
54610254 62854
54610254 69295
54568694 49612
54616964 100000
54598821 110360
54598810 110360
54598824 110360
54598816 110360
54596629 55050
54628433 59500
54628551 76735
54628551 84599
54598816 121671
54633003 50000
54598810 121671
54598824 121671
54598821 121671
54596617 49933
54727926 45000
54727932 45000
54727928 45000
54665154 52092
54665152 52092
54661905 1417599
54721898 202083
54727493 44380
54670459 5512
54661905 1562901
54661905 1723098
54661905 1899714
54661905 2094433
54738121 1
54738118 1
54738119 1
54738122 1
54738130 1
54738139 1
54738136 1
54738134 1
54738149 1
54738150 1
54738151 1
54738132 1
54738129 1
54550369 1292
54738131 1
54738128 1
54738120 1
54738153 1
54738137 1
54738138 1
54738147 1
54738146 1
54738154 1
54665154 57430
54665152 57430
54727493 48928
54727493 53942
54721898 222796
54727493 59470
54727493 139170
54665154 66481
54665152 66481
54670459 6076
54665152 73295
54665154 73295
54760369 100
54760411 100
54738129 3
54738131 3
54738153 3
54738137 3
54738138 3
54738147 3
54738146 3
54738154 3
54738118 3
54738134 3
54738136 3
54738130 3
54738151 3
54738149 3
54738132 3
54738129 5
54764906 90100
54764923 90100
54764903 96000
54665152 80806
54665154 80806
54772191 12800
54771876 20100
54738118 5
54665152 89088
54665154 89088
54665154 98219
54665152 98219
54802466 100
54807429 100
54807436 105
54809095 100
54809093 100
54808515 45000
54807429 110
54812859 800000
54807429 120
54807436 115
54812859 882000
54807429 132
54807436 126
54665152 108285
54665154 108285
54665152 119383
54665154 119383
54812859 972405
54736027 0
54766867 0
54736040 0
54807429 144
54807436 138
54807429 158
54812859 1072076
54807429 173
54807429 190
54807429 208
54828547 100
54812859 1181962
54812859 1303113
54812859 1436681
54833924 40000
54812859 1583940
54812859 1746293
54812859 1925287
54812859 2122628
54812859 2340196
54812859 2580065
54812859 2844521
54833924 44100
54812859 3136084
54812859 3457532
54812859 3811928
54864577 801969
54885199 100
54854598 0
54889988 100
54894362 100
54894364 100
54896471 156870
54889988 110
54904305 25000
54908020 30000
54908020 33075
54908020 36464
54908020 40201
54908020 44321
54908020 52500
54908020 57881
54908020 63813
54908020 70353
54908020 77563
54934700 199999
54908020 85513
54951796 49400
54958762 4000
54964052 200100
54964105 10100
54963650 757500
54958762 4410
54951796 54463
54951796 60045
54973884 256000
54958762 4861
54982592 100100
54982565 10100
54958762 5359
54958762 5907
54989237 200255
54989250 200255
54989243 200255
54989300 6000
54989240 200255
54958762 6512
54998821 100
54998821 110
54998821 120
55010405 2002390
55013677 607500
55017884 1992390
55021981 60000
55024133 1975924
55030838 21169
55037438 105
55013677 669768
55037438 115
55047272 100100
55037438 126
55073838 18750
55076317 25975
55078123 45000
55078126 45000
55078132 45000
55078122 45000
55078127 45000
55078131 45000
55078125 45000
55078128 45000
55078129 45000
55081162 100
55081128 100
55081205 100
55081207 100
55081111 100
55081203 100
55081162 110
55081207 110
55081128 110
55081111 110
55081205 110
55081203 110
55081205 120
55081207 120
55081128 120
55081111 120
55078128 49612
55078129 49612
55078132 49612
55078127 49612
55078122 49612
55088600 100
55081111 132
55081207 132
55081205 132
55081128 132
55088600 110
55091995 2250
55091948 2250
55091927 2250
55095808 100
55081207 144
55081205 144
55081111 144
55081128 144
55081203 120
55088600 120
55117773 30000
55118344 75478
55116129 750
55091927 2480
55095808 110
55134457 105
55134592 100
55134592 110
55134457 115
55134592 120
55136076 100100
55136075 100100
55136075 110360
55136076 110360
55095808 120
55078129 54696
55116129 826
55148497 100100
55149469 100
55149463 100
55150579 100100
55150584 100100
55150575 100100
55150559 100100
55150559 110360
55148497 110360
55150575 110360
55149463 110
55149469 110
55156353 32655
55149469 120
55149463 120
55156353 36001
55156353 39691
55158914 1000384
55156353 43758
55156353 48242
55156353 53186
55156353 58637
55156353 64646
55156353 71271
55156353 78575
55156353 86628
55149469 132
55149463 132
55156353 95506
55156353 105295
55156353 116086
55156353 127984
55158914 1102923
55156353 141102
55156353 155564
55156353 171509
55156353 189088
55156353 208469
55156353 229836
55179374 222655
55149463 144
55149469 144
55179374 245476
55156353 253393
55179374 270636
55182207 61441
55149469 158
55149463 158
55149469 173
55149463 173
55149469 190
55149463 190
55187550 3004141
55149463 208
55149469 208
55149463 228
55149469 228
55149469 250
55149463 250
55149469 275
55149463 275
55149469 302
55149463 302
55149463 332
55149469 332
55149463 365
55149469 365
55204903 250000
55204903 289406
55204903 319069
55204903 351773
55212905 18750
55212943 11250
55212907 18750
55212902 18750
55214833 50000
55216081 52605
55156353 279365
55216075 52605
55216085 52605
55215225 105105
55156353 307999
55215225 115878
55156353 339567
55156353 374372
55212907 20671
55212902 20671
55204903 387829
55212905 20671
55212907 22789
55212907 25124
55268276 101695
55280523 25840
55214833 55125
55214833 60775
55214833 67003
55322907 99900
55323461 5000
55329629 5000
55336512 100
55338059 1
55338057 1
55338061 1
55338060 1
55338054 1
55338055 1
55344057 20398
55381288 63000
55381270 63000
55380059 5250
55346815 999999
55344057 24791
55338061 5
55338057 5
55338059 5
55338060 5
55338055 5
55338054 5
55329629 6697
55338053 5
55395452 32292
55344057 27331
55381288 69457
55381270 69457
55395452 35601
55395452 39250
55338059 7
55338057 7
55338061 7
55338060 7
55338055 7
55338054 7
55338053 7
55412711 20100
55412716 20100
55412709 20100
55338059 9
55338057 9
55338060 9
55338061 9
55338055 9
55338054 9
55338053 9
55338060 11
55338061 11
55338059 11
55338057 11
55338054 11
55338055 11
55338053 11
55380059 5788
55338057 13
55338061 13
55338059 13
55338060 13
55338054 13
55338053 13
55380059 6380
55338059 15
55338060 15
55338057 15
55338061 15
55338053 15
55338055 13
55338054 15
55380059 7033
55338053 17
55380059 7753
55338059 17
55338061 17
55338057 17
55338060 17
55338055 15
55338054 17
55338053 19
55380059 8974
55338060 19
55338061 19
55338057 19
55338059 19
55338055 17
55338054 19
55395452 43272
55381288 76575
55381270 76575
55412716 22160
55412709 22160
55412711 22160
55479921 18886
55469664 1
55469665 1
55469695 1
55469697 1
55493830 41673
55459821 13781
55469663 2
55469668 2
55469662 2
55469666 1
55469692 2
55469684 2
55469691 2
55469696 1
55469673 2
55469674 1
55381270 130963
55469676 1
55469660 2
55469694 1
55469693 1
55469677 1
55469675 1
55469661 1
55490880 45000
55338054 21
55338060 21
55338061 21
55338059 21
55338055 20
55338053 21
55395452 57985
55381288 118788
55338057 21
55381288 130963
55381270 144386
55503762 1
55503760 1
55503761 1
55503763 1
55503756 1
55503759 1
55503755 1
55503757 1
55503754 1
55490880 49612
55479921 20821
55395452 63928
55479921 22955
55514107 182292
55469666 3
55469661 3
55503754 3
55503756 3
55503760 3
55503757 3
55503759 3
55469664 3
55469665 3
55469696 3
55469664 5
55469665 5
55469666 5
55469696 5
55469661 5
55503754 5
55503760 5
55503756 5
55503759 5
55503757 5
55479921 25307
55469664 7
55469665 7
55469666 7
55469696 7
55469661 7
55503756 7
55503759 7
55503754 7
55503757 7
55503760 7
55479921 27900
55469665 9
55469664 9
55555526 100
55554430 202083
55395452 151179
55558364 45000
55558363 45000
55558368 45000
55558366 47250
55558365 47250
55558364 49612
55558363 49612
55558368 49612
55563132 14315
55564117 101447
55563132 15781
55563132 17398
55576421 5448
55490880 54696
55558366 52092
55558365 52092
55576421 6006
55469666 9
55469665 11
55469696 9
55469664 11
55613832 13125
55614939 2009423
55614399 12537
55469666 11
55469661 13
55576599 10100
55614399 13821
55931755 52500
55858550 250
55858560 250
55888809 1055241
55857086 16735
55858552 228
55858556 181
55816790 16735
55941767 39054
55941755 36864
55931755 57881
55828672 207
55931755 63813
55858560 275
55858550 275
55858552 250
55858556 199
55941767 43056
55858552 275
55858556 218
55931755 70353
55858550 302
55858560 302
55828672 227
55953368 750
55931755 77563
55941767 47468
55961388 1
55961385 1
55961390 1
55961408 1
55961431 1
55961387 1
55961420 1
55961421 1
55961399 1
55961429 1
55961435 1
55961434 1
55961427 1
55961422 1
55961410 1
55961406 1
55961405 1
55961389 1
55941767 52333
55828672 249
55976999 106535
55977001 106535
55977000 106535
55961427 3
55961435 3
55961434 3
55961422 3
55961410 3
55961405 3
55977003 106535
55931755 85513
55961431 3
55961421 3
55961429 3
55961431 5
56009990 45000
56009978 45000
56009999 45000
56019611 100
56021134 99
56021134 108
55931755 94277
56019611 110
56025137 1500000
55931755 103939
56040106 6000
56040103 6000
55961435 5
55961422 5
55961408 3
55961431 7
55961399 3
55931755 114591
56042946 46765
56042946 51558
56009999 49612
56009978 49612
56009990 49612
56074906 20000
56079704 130100
56079669 130100
56079685 130100
56079696 130100
56079677 130100
56079664 130100
56074906 22050
56095249 201524
56100815 128836
56108007 46765
56113197 306000
56108007 51558
56100815 142040
55961410 5
55961408 5
56164548 6300
56108007 69090
56100815 199862
56164548 6945
56164548 7656
56108007 76171
56185879 100
56185879 110
56185879 120
56108007 83977
56164548 8439
56185879 132
56100815 220347
56185879 144
56185879 158
56209518 61617
56223884 10000
56228346 500000
56228446 55473
56223884 11025
56164548 9303
56209518 67931
56164548 10256
56236192 600000
56247078 500000
56254877 25975
56164548 11306
56258948 71007
56254877 28636
56266813 100
56258948 86307
56266813 12922
56266813 14246
56303358 10100
56303452 6000
56307749 2250
56307792 2250
56307799 2250
56307757 2250
56307755 2250
56258948 95153
56314680 2250
56314688 2250
56314685 2250
56314682 2250
56314692 2250
56314695 2250
56314678 2250
56314684 2250
56314676 2250
56314681 2250
56258948 104905
56314678 2480
56314681 2480
56307799 2480
56314680 2480
56307755 2480
56331473 101263
56337570 109000
56343917 25000
56350289 100
56350289 110
56343917 27562
56350289 126
56343917 30387
56376411 31447
56377360 34366
56350289 138
56350289 151
56350289 165
56350289 181
56343917 33501
56365638 37500
56365644 37500
56376411 34669
56350289 199
56392883 509293
56392879 509293
56393008 20100
56350289 218
56393844 12000
56350289 239
56350289 262
56400311 6000
56400311 6615
56350289 288
56350289 317
56409222 152854
56413803 509193
56413808 509193
56376411 38222
56419069 45000
56350289 348
56343917 36934
56350289 383
56419069 49612
56433068 82552
56444988 300000
