1891.0076 6832.757 145.62025
1893.5675 6833.0566 145.84372
1898.4343 6833.626 146.25005
1903.301 6834.196 146.61496
1908.1483 6834.763 147.05197
1913.0541 6835.3374 147.64848
1917.9014 6835.9043 148.52762
1922.7876 6836.4766 149.6151
1927.6578 6837.0464 150.83536
1932.5045 6837.6133 152.16136
1937.381 6838.184 153.53925
1942.174 6839.136 154.95343
1947.0062 6839.77 156.11374
1951.726 6840.843 157.12534
1956.3829 6841.931 158.18893
1961.2343 6843.4165 159.27142
1964.9528 6844.6255 160.04834
1970.5352 6846.4414 161.19307
1975.0964 6847.592 162.25453
1980.0267 6848.208 163.55728
1985.0151 6848.8335 164.9413
1989.8865 6849.364 166.2211
1994.7721 6849.7285 167.43307
1999.6772 6849.785 168.43237
2004.6261 6849.7915 169.32816
2009.5062 6849.749 170.05313
2014.4352 6849.6846 170.44872
2018.5215 6849.6313 170.64902
2024.2147 6849.5566 171.02505
2028.7244 6849.4976 171.45264
2034.0159 6849.4287 171.63069
2038.9032 6849.3643 171.55237
2042.9993 6849.311 171.72186
2048.3518 6850.1484 172.1396
2052.9412 6851.692 172.4818
2057.6604 6850.406 172.5066
2060.9236 6847.385 172.4744
2061.4766 6843.5244 172.58168
2061.6458 6837.6113 172.99939
2061.726 6833.0786 174.34966
2061.8281 6828.229 174.92766
2061.8987 6825.0645 175.09903
2062.0964 6818.365 175.59752
2062.2268 6815.222 175.59752
2062.4072 6812.77 175.59752
2064.1157 6808.2593 175.5977
2066.718 6804.7363 175.6016
2071.0017 6801.503 175.60793
2075.8103 6800.807 175.61008
2079.6616 6800.7607 175.61012
2085.6006 6800.435 175.61052
2090.5088 6800.1006 175.61052
2095.3723 6799.716 175.61052
2100.1548 6798.626 175.61052
2100.2683 6798.595 175.61052
2102.2715 6798.0444 175.61052
2102.2637 6798.016 175.61052
2101.9402 6796.971 175.61052
2101.6667 6797.0464 175.61052
