1303.8401 1301.06 -9.008875
1302.6525 1299.9524 -9.008875
1299.9188 1297.403 -10.394764
1297.5333 1295.1781 -11.517333
1292.4141 1290.4038 -13.369805
1291.0422 1289.1243 -13.811494
1294.6418 1284.0636 -13.992027
1301.3586 1282.4076 -13.466925
1308.338 1282.6902 -13.171892
1315.5576 1283.205 -12.870414
1322.5505 1283.293 -12.905671
1329.5199 1282.784 -12.82424
1336.4357 1280.7137 -12.3896
1343.081 1278.3838 -11.893521
1349.4794 1276.099 -11.598026
1355.4824 1278.8733 -11.292574
1350.9945 1281.8286 -11.961137
1344.1282 1280.6906 -12.334163
1337.1766 1281.5116 -12.5999975
1330.2113 1282.1875 -12.632615
1322.2999 1282.8374 -12.714812
1313.8817 1283.4619 -12.992248
1305.5271 1283.6708 -13.355295
1299.0835 1285.5126 -13.445301
1292.9332 1288.0267 -13.701153
1291.209 1287.3403 -14.07474
1289.9032 1285.6957 -14.501285
1286.4031 1282.2466 -15.6805725
1281.2576 1277.1761 -17.74273
1276.2715 1272.2628 -19.821815
1271.2855 1267.3496 -22.241982
1266.13 1262.2693 -24.7779
1261.144 1257.3561 -27.443428
1256.158 1252.443 -30.496748
1250.2162 1248.3511 -33.28085
1244.2825 1244.6387 -35.621468
1238.1646 1241.2378 -37.965935
1232.0322 1237.8624 -40.673553
1225.5059 1234.7825 -44.61948
1218.6562 1233.3927 -46.29334
1211.6775 1232.849 -47.499817
1204.4752 1232.1329 -48.646004
1197.5121 1231.416 -50.150967
1189.6353 1230.5524 -51.530956
1182.6779 1229.7806 -52.48093
1175.484 1228.9828 -53.505604
1168.5267 1228.211 -54.02287
1159.9413 1227.2588 -54.314514
1153.0042 1226.4895 -54.225414
1146.0468 1225.7178 -53.9658
1138.8529 1224.9199 -53.68329
1131.8816 1224.1467 -49.84839
1124.9382 1223.3766 -47.72664
1117.7311 1222.8424 -47.49681
1110.7354 1223.0853 -48.6779
1103.739 1223.3108 -52.432373
1096.517 1223.1552 -53.11797
1089.6229 1222.8397 -53.407352
1082.5942 1221.8578 -53.75475
1075.6725 1220.8136 -53.84816
1068.5017 1219.7318 -53.332996
1061.5662 1218.6855 -52.690758
1054.6168 1217.6371 -51.848522
1047.7505 1216.6012 -50.309444
1040.5812 1215.6691 -49.157204
1033.6278 1216.4639 -47.844826
1026.4464 1217.3674 -46.430336
1019.5151 1218.2395 -45.513836
1012.5698 1219.1133 -44.946095
1005.61066 1219.9889 -44.387
998.45123 1220.8898 -43.5202
991.506 1221.7635 -42.658276
984.5607 1222.6373 -42.046177
977.37933 1223.5409 -41.14783
970.4227 1224.3171 -39.651016
963.4593 1225.0305 -37.255802
956.2505 1225.6797 -33.647438
949.2926 1226.3063 -29.5249
942.4063 1225.849 -25.583637
935.9016 1222.8882 -21.439125
930.4599 1218.3745 -18.13659
925.126 1213.9503 -15.062803
919.5442 1209.3204 -12.697073
913.54944 1205.8622 -10.352453
907.1647 1203.0176 -7.3912306
900.7812 1200.1737 -3.67557
894.1825 1197.2338 0.072671086
887.7883 1194.385 3.7350192
881.16406 1191.4337 7.4688354
874.95624 1188.2975 9.278351
869.63025 1184.7612 9.780523
865.73505 1180.282 9.776595
860.3727 1176.3081 9.947088
855.48456 1171.642 10.151311
850.6404 1166.2451 10.404049
845.93353 1161.0012 10.890553
841.31384 1155.8545 12.356581
836.638 1150.6453 11.907046
833.6556 1147.6732 10.900496
830.3088 1145.9652 12.228405
826.7443 1144.3435 11.263048
823.2298 1145.2642 10.717755
819.5705 1144.6954 10.717873
815.811 1144.9373 10.822938
814.7071 1145.1956 10.933682
818.07947 1144.6005 10.78492
822.5565 1144.4727 10.706714
826.1285 1144.3759 10.716706
829.7098 1144.6398 10.762412
832.6566 1144.8699 10.811389
833.06866 1144.9253 10.824501
833.93463 1145.0337 10.832363
834.6982 1145.905 10.875225
834.8058 1145.8724 10.881249
833.68146 1145.5317 10.835952
832.59186 1145.2015 10.812341
831.4973 1145.1294 10.795275
830.5254 1144.8408 10.774486
829.5232 1144.2648 10.757677
828.45844 1143.7736 10.739455
827.41815 1143.5627 10.721875
826.3395 1143.961 10.715972
825.24115 1144.2073 10.713149
822.06726 1145.7859 10.7315445
818.34906 1147.7373 11.112657
813.94086 1150.0508 11.454986
813.802 1150.1237 11.458551
810.5322 1152.0347 11.526471
807.2532 1153.9751 11.536626
804.0034 1155.8759 11.569745
800.1978 1156.0884 11.726346
799.0237 1156.462 11.83257
797.8959 1156.6279 11.936718
796.83685 1156.9468 12.044284
795.1237 1158.5438 12.093695
792.2899 1160.937 12.284475
788.9242 1162.223 12.931415
786.4626 1164.9122 13.028998
783.6028 1167.4424 13.143056
782.01807 1170.7959 13.056925
780.64923 1174.3185 13.108838
779.44904 1178.762 13.293334
778.4108 1183.5908 13.807314
777.5196 1188.3887 14.372747
777.2583 1193.223 14.9193125
776.96967 1198.2511 15.306396
778.2801 1202.7709 15.729929
781.8368 1206.2095 15.741141
786.40295 1208.0791 15.421742
790.9779 1209.6924 14.886379
795.87524 1211.0453 14.418129
800.71783 1211.9125 13.363702
805.4935 1212.7639 12.309655
810.48145 1213.6532 11.881573
815.2997 1214.4829 11.862145
819.93964 1213.0007 11.856499
823.7554 1209.9093 11.856499
827.345 1206.334 11.878533
830.7197 1202.822 11.879205
834.1488 1199.2535 11.954054
837.96466 1196.4103 12.022975
841.37866 1192.8867 13.661983
844.8089 1189.1191 11.6981735
847.9 1185.3805 11.10699
850.23254 1181.0027 10.218866
850.54974 1176.414 10.090302
849.171 1171.8662 10.2692375
846.81866 1167.5901 10.5420265
845.6792 1165.6802 10.688961
845.47156 1163.6726 10.789128
845.79535 1159.9218 12.453947
845.52405 1156.353 11.174657
845.344 1156.1389 11.1883955
843.37714 1154.6289 11.243426
841.0974 1152.8788 11.264605
839.79016 1151.8751 11.229187
836.7859 1149.5687 12.841047
833.7051 1147.2035 10.883621
830.7068 1144.9016 12.4500065
827.76373 1142.6421 11.548007
824.59155 1140.2068 11.832671
821.6136 1137.9205 11.801258
818.6153 1135.6187 11.621799
815.5148 1133.2383 12.128147
812.52246 1130.941 10.798709
810.0621 1128.0786 11.99051
807.57935 1125.0599 10.034653
805.46356 1121.6189 9.435397
805.57184 1121.7982 9.456979
806.75995 1123.767 9.662153
807.90857 1125.6703 9.843043
809.0897 1127.6274 10.138565
809.8698 1129.0422 10.206486
806.41095 1127.2715 11.808585
803.14026 1125.5931 9.446717
802.8693 1124.7511 9.269889
802.58813 1123.8806 9.162227
801.42786 1122.2537 8.922905
799.8122 1118.9923 8.495718
800.555 1121.6871 8.810189
802.91077 1124.6721 9.636452
805.2565 1127.6652 10.634882
807.659 1130.7306 11.18734
810.0187 1133.7415 10.644559
812.38995 1136.7672 12.013983
814.57404 1139.4935 10.586774
812.9364 1136.1539 11.891518
811.2698 1132.7612 11.181553
810.8846 1131.977 10.330772
810.67426 1131.4956 10.30575
809.9192 1129.7671 11.788885
809.1415 1127.9866 10.374863
808.09033 1125.8683 9.870065
807.82025 1125.3271 9.817066
804.9152 1123.2651 11.041804
801.43384 1121.608 10.13071
799.43555 1118.6123 10.000627
798.1824 1115.0381 9.255415
797.6976 1113.6553 7.6672735
797.03766 1110.2264 6.8001947
794.28784 1104.0675 3.682842
794.127 1103.1433 3.1273315
793.887 1101.764 2.3119667
793.04694 1096.9366 -0.2634775
791.84686 1090.0403 -4.1076517
790.7921 1082.8835 -8.322552
790.08203 1075.9197 -11.721187
789.372 1068.9557 -15.031407
786.591 1062.8582 -18.102955
785.8824 1055.9082 -21.514547
785.2225 1048.9397 -25.488974
784.6289 1041.7261 -29.490082
784.496 1034.7358 -32.63797
783.0355 1027.9332 -35.416676
784.63116 1020.9301 -38.55675
787.4669 1014.5621 -41.27682
789.41046 1011.1648 -42.62691
789.8032 1010.8959 -42.781925
791.4148 1010.2005 -43.11416
792.0826 1007.5478 -43.650936
792.29785 1003.7351 -44.04117
793.88806 1004.6766 -44.39419
794.2546 1004.6052 -44.495907
792.6232 1005.02325 -44.032654
795.18646 1004.3665 -44.76063
795.3488 1001.37885 -44.88099
797.183 1000.9849 -45.493347
798.89996 1000.44403 -46.05643
796.7494 996.013 -45.22619
795.3724 989.4817 -44.733295
796.20184 982.5028 -45.185646
797.0528 975.3432 -46.097633
797.91797 968.3828 -46.962646
798.63525 961.4204 -47.542797
799.26337 954.2097 -48.480206
799.8781 947.15247 -49.757664
799.61346 940.0126 -51.67597
799.1856 933.0397 -54.459682
798.9771 925.82074 -56.983154
799.154 918.80914 -57.709496
799.4414 911.5909 -57.444393
799.7257 904.58264 -56.944473
798.6607 897.8635 -56.49343
795.51416 892.0972 -56.497334
795.20215 885.3291 -55.76555
792.0538 878.9016 -55.364426
787.6043 873.92474 -54.818867
784.17786 868.3156 -54.25337
784.70215 863.5788 -53.80088
785.74725 859.8911 -52.246796
787.13214 856.44305 -54.48223
790.174 854.0711 -52.993412
793.2299 851.745 -55.557114
795.3458 848.52563 -54.29466
797.35815 845.308 -56.353558
799.39453 842.02625 -55.62639
801.4301 838.74286 -56.721638
803.2519 835.32623 -57.24104
803.1198 830.5897 -57.485455
802.7122 825.73303 -57.253345
804.5106 821.4171 -57.175713
807.377 817.6512 -57.438213
810.8218 813.94916 -57.30482
814.1665 810.3682 -57.361176
817.625 806.6656 -57.408825
820.9697 803.0847 -57.572693
824.42566 799.3866 -57.45654
827.92 795.8557 -57.218994
830.5118 791.9006 -57.232357
832.9793 787.86646 -57.186356
837.3506 789.5748 -57.129604
837.8163 789.8747 -57.127274
837.68866 789.62213 -57.123177
837.30054 789.957 -57.14114
837.38293 789.3329 -57.122387
837.0602 789.7673 -57.14158
836.56976 790.13293 -57.162754
833.2801 792.3954 -56.04382
830.1803 794.5321 -56.35706
826.93677 796.7941 -57.25231
824.2255 799.40106 -57.468018
821.5731 802.24084 -57.594868
818.9774 805.01984 -57.492767
816.0859 807.2836 -57.41697
813.07416 809.42773 -57.45826
810.3923 812.1731 -57.267017
808.0298 814.9766 -57.37494
806.6286 818.4628 -55.768044
805.21375 822.01355 -57.25695
803.82684 825.6273 -55.648148
803.6674 828.1938 -57.46446
807.38196 827.5352 -57.626488
811.14856 826.86743 -57.501953
814.518 825.1931 -57.551414
817.3371 822.5638 -57.007786
820.11926 819.91644 -56.33753
822.1423 817.9152 -57.75597
823.43176 816.5562 -57.83083
824.76416 815.1421 -57.84628
826.72046 813.0641 -57.885414
830.05023 809.34106 -58.059284
829.2693 804.53516 -58.2143
828.36926 799.76855 -57.153152
829.07086 794.74567 -57.17939
831.9919 791.54364 -57.24369
836.5433 789.94525 -57.158688
841.409 789.37164 -56.970432
846.3256 789.3062 -56.93968
851.1257 787.95734 -55.548298
853.79895 784.06396 -52.85954
856.75134 779.9747 -51.67223
860.659 777.6649 -51.839714
865.7106 777.4388 -50.613407
870.54333 777.283 -49.643135
875.5008 777.3578 -47.722054
880.3878 777.709 -47.09504
885.42053 778.19855 -47.307995
890.4392 778.8938 -48.23423
895.2681 779.7131 -49.52961
900.06903 780.6938 -48.435856
905.0523 781.71173 -52.401695
908.87274 782.4921 -51.593655
912.3837 783.20935 -53.337322
915.5234 784.1234 -53.646317
922.12683 786.8332 -54.592834
928.5484 789.61945 -55.563087
935.1128 792.0493 -56.758293
941.7787 794.4881 -58.12404
948.4708 796.9365 -59.33091
955.0447 799.3416 -60.64737
961.84204 801.8285 -61.89568
968.6394 804.31537 -63.08446
975.25793 806.5932 -64.97337
982.01917 808.7993 -67.42153
988.79364 811.0097 -70.834274
995.44836 813.181 -74.064156
1002.3501 815.3134 -77.05218
1009.0899 817.1991 -79.60824
1016.16943 818.6975 -82.532326
1023.04895 819.99066 -85.76028
1030.1769 821.2423 -88.55182
1037.1267 822.0751 -90.6707
1044.3344 822.5501 -91.96396
1051.3248 822.9159 -93.0162
1058.3153 823.2817 -94.10529
1065.5382 823.74316 -95.728065
1072.546 824.2757 -97.20162
1079.1434 825.7379 -98.61896
1085.4032 824.206 -98.945114
1091.6685 820.6099 -97.71388
1097.7881 817.0975 -97.23481
1103.9601 813.4294 -98.07265
1109.7639 809.49396 -98.95201
1115.4532 805.42505 -97.79548
1121.1329 800.9684 -96.78771
1125.8433 796.5036 -94.386566
1131.4388 792.05945 -92.87342
1137.6594 788.868 -92.07944
1144.574 786.79193 -91.376686
1151.4993 785.87646 -89.59613
1158.4872 785.47925 -90.42468
1165.7177 785.1471 -90.09445
1172.7102 784.82587 -90.467545
1179.9221 784.42065 -88.77444
1186.8955 783.6677 -86.68749
1194.085 782.97144 -84.459
1199.985 779.69604 -83.27711
1207.0852 779.3943 -82.663315
1211.759 784.15063 -82.88741
1207.482 788.483 -83.34324
1200.4414 788.5715 -83.516266
1193.2465 788.6647 -84.62523
1186.2477 788.5378 -87.03322
1179.3345 789.4409 -89.77883
1173.2701 793.2144 -92.75324
1168.3615 798.5129 -95.59674
1164.448 804.26953 -97.71791
1163.9756 811.47107 -99.41476
1163.7994 818.5809 -100.86327
1166.3735 824.6879 -102.08108
1166.1444 829.5142 -103.167564
1165.8245 832.2818 -103.49839
1165.5559 834.6043 -103.81921
1165.5029 835.0633 -103.89004
1165.2301 835.32495 -103.935974
1165.0609 839.0798 -104.526115
1164.9674 842.9719 -105.38971
1164.6554 846.7385 -104.46096
1164.2828 850.6292 -105.57904
1163.5747 854.3244 -108.44224
1161.6923 857.6871 -108.283516
1159.0902 860.4081 -107.84741
1156.4297 863.27686 -110.394165
1154.1492 866.282 -108.81624
1151.7855 869.3966 -111.29305
1149.5004 872.40765 -109.79784
1147.2153 875.41876 -111.93534
1143.4817 875.12665 -113.072685
1138.6991 874.9911 -113.362076
1135.065 871.51483 -113.3437
1131.4797 867.9209 -111.65889
1128.3116 864.745 -111.101944
1125.6313 862.05817 -110.94318
1122.0796 861.4735 -111.60375
1119.213 860.79706 -111.07528
1116.9242 863.96533 -109.461105
1115.4313 867.18243 -110.63638
1113.968 870.82306 -109.57616
1115.0255 873.2162 -110.71763
1118.6943 874.54205 -109.84769
1121.002 875.37604 -111.931984
1121.1807 875.0372 -111.980354
1122.8865 877.8885 -111.819374
1123.9946 881.55774 -110.59783
1126.0317 884.56616 -110.859924
1128.9672 886.9237 -110.91377
1132.0074 889.3654 -112.594086
1134.9546 891.7324 -111.992256
1138.0824 891.3749 -111.90879
1141.4254 889.34985 -112.0395
1144.1832 889.9256 -111.723335
1146.9491 892.6765 -111.70946
1148.6993 894.59314 -112.21867
1150.1815 896.292 -111.378044
1151.6992 898.03143 -110.775406
1152.0898 898.4792 -111.62419
1153.5897 900.1983 -111.27102
1155.0956 901.9242 -110.83053
1154.3127 901.0475 -111.04612
1153.8197 900.1887 -111.23603
1152.6797 897.97815 -111.59289
1150.9606 894.56085 -110.04383
1149.2557 891.1129 -112.4058
1147.9861 887.52844 -110.813675
1146.6992 883.8956 -112.80339
1145.4043 880.2399 -111.20101
1144.0786 876.6966 -113.034904
1142.5347 873.22974 -113.10895
1140.9092 869.73676 -113.02478
1140.8793 866.19226 -112.46813
1138.5571 864.1393 -110.83137
1136.0026 861.88153 -112.468445
1135.4823 861.4431 -112.490524
1133.2383 859.5541 -112.02841
1132.7388 859.6754 -111.95505
1129.4949 860.4121 -111.490746
1128.938 859.9121 -111.420784
1128.8423 859.82623 -111.41596
1128.7523 859.7454 -111.41143
1128.4617 855.9278 -111.36313
1128.2852 852.10657 -109.68647
1127.7958 848.44604 -110.50506
1126.8623 844.7519 -108.74135
1125.9196 840.9997 -110.173386
1125.3168 837.1401 -109.74318
1124.9999 834.8943 -109.13964
1125.4701 833.86237 -109.04728
1124.8593 835.15643 -109.22476
1125.2437 835.3888 -107.68171
1126.4988 835.6761 -109.48098
1124.7615 838.71857 -108.17302
1123.02 842.09015 -110.236595
1123.5333 845.83514 -108.713066
1124.1859 849.478 -110.48933
1125.3254 850.0214 -110.60033
1123.898 852.10016 -110.76651
1120.4299 853.84985 -110.66944
1117.4482 856.0611 -110.72716
1113.7765 856.20044 -110.22406
1110.3705 852.6915 -108.9425
1106.8843 849.22046 -107.808876
1103.2723 845.6394 -106.35756
1099.7649 842.16187 -104.98069
1096.1149 838.75037 -103.65424
1092.3741 835.61633 -102.43484
1088.1404 832.85834 -101.323944
1084.408 829.9095 -100.16669
1080.4512 827.3909 -99.074844
1079.2238 827.824 -98.929474
1079.2339 827.8336 -98.93243
1084.3412 832.7022 -100.576996
1089.4585 837.58044 -102.16102
1094.6063 842.4877 -104.04478
1099.7238 847.3659 -106.029305
1104.902 852.30206 -108.01062
1110.0309 857.22876 -109.619156
1114.975 862.1048 -110.66754
1120.0652 867.1516 -111.5654
1125.1455 872.1885 -112.434654
1130.176 877.17615 -113.05974
1135.147 882.1046 -113.11596
1140.2969 887.2105 -112.87589
1145.2267 892.21454 -112.53949
1149.9596 897.6703 -111.96246
1154.1578 903.3234 -110.77291
1158.3895 909.09564 -109.26035
1162.6608 914.9217 -107.76639
1168.7198 917.6631 -106.046715
1172.3499 923.8515 -104.02713
1176.4282 929.18005 -101.92816
1179.967 935.21295 -99.99667
1183.6293 941.4561 -98.10502
1187.1993 947.5423 -96.26032
1190.8333 953.7371 -94.54424
1194.3467 959.7747 -92.705986
1197.0891 966.2136 -90.83129
1199.856 972.8868 -88.81748
1202.5514 979.38745 -86.93779
1204.4509 986.0594 -85.22345
1205.8376 993.16327 -83.49045
1208.3428 999.3217 -81.75609
1212.6854 1004.8652 -80.1601
1213.3705 1011.5869 -78.33924
1214.8499 1017.82324 -76.898796
1215.9453 1024.2914 -75.31215
1215.742 1030.8524 -73.79174
1213.8931 1037.7628 -72.019035
1212.1104 1044.6044 -70.17991
1210.3737 1051.2698 -69.046936
1208.531 1058.3417 -67.875275
1206.7966 1064.9978 -66.39673
1204.9963 1071.9071 -64.88988
1203.1996 1078.8029 -64.60423
1201.4241 1085.6174 -63.914536
1200.5521 1092.7382 -63.063416
1200.2203 1099.8284 -62.08194
1199.8984 1106.707 -61.063442
1199.5576 1114.0071 -59.591145
1199.439 1121.159 -58.31426
1199.6062 1128.1484 -57.73938
1199.7793 1135.3844 -56.753624
1199.9458 1142.3405 -56.4524
1200.1152 1149.4224 -55.481293
1200.287 1156.6023 -55.452644
1200.3298 1163.0295 -54.867977
1200.5029 1170.2654 -56.15561
1200.6708 1177.2832 -56.42225
1201.9935 1184.2218 -56.655865
1202.4128 1191.2029 -56.496826
1198.2458 1196.367 -56.690826
1193.3534 1201.5549 -56.32501
1187.4655 1205.058 -56.359436
1181.6686 1203.7166 -56.523563
1181.0491 1207.0386 -54.998344
1180.3962 1210.5422 -56.32898
1180.2787 1210.5016 -56.32818
1176.7073 1211.5994 -54.66709
1173.327 1213.2046 -55.913704
1172.2925 1213.727 -54.367077
1173.1216 1214.2893 -55.750515
1171.959 1216.1246 -55.570206
1169.0652 1218.2472 -55.421337
1166.3052 1216.835 -55.65344
1164.8888 1213.2537 -55.848103
1163.2549 1209.82 -54.26155
1162.0406 1207.268 -56.119473
1162.2015 1207.3113 -56.126858
1160.7997 1207.0647 -56.05202
1159.0979 1207.5874 -55.866558
1157.087 1206.6444 -55.65564
1157.0026 1202.9974 -55.344227
1158.3058 1199.3286 -54.520676
1159.3079 1195.7526 -56.692657
1160.0968 1191.9941 -55.07642
1160.7964 1190.1357 -56.200478
1158.682 1192.6483 -55.06169
1155.5299 1194.9592 -55.840675
1154.6368 1198.4907 -54.714363
1154.1929 1202.2252 -55.559803
1154.6572 1205.9841 -53.90445
1155.1382 1209.8787 -54.45611
1155.6014 1213.6301 -53.84463
1156.0624 1217.3616 -54.014427
1156.5405 1221.233 -53.80146
1156.7838 1223.2032 -54.726013
1155.1892 1224.9136 -54.502674
1151.9705 1225.0184 -54.33905
1147.8986 1225.1511 -54.125835
1140.7561 1225.3838 -52.584538
1133.7183 1225.4955 -50.589115
1126.6492 1225.3862 -47.922478
1119.5254 1225.2064 -47.064358
1112.3326 1224.9886 -48.02551
1105.182 1224.7722 -48.804466
1098.2832 1224.5634 -48.919594
1091.1572 1224.099 -53.292667
1084.5836 1221.5349 -53.705486
1077.8796 1218.9198 -53.88565
1071.3582 1216.3761 -53.690365
1064.7473 1213.7917 -53.5054
1058.0765 1211.1614 -53.359715
1051.4185 1208.6216 -52.796097
1044.7988 1206.0991 -52.518044
1037.839 1203.4471 -52.019676
1031.0753 1200.8699 -52.078087
1024.2725 1198.2777 -51.51322
1017.6659 1195.7603 -51.193325
1010.79193 1193.194 -50.36446
1003.81134 1193.6498 -50.081745
996.71985 1193.4092 -49.89037
991.3638 1188.7722 -49.97069
986.04047 1184.0774 -50.44627
980.69556 1179.3011 -51.11163
975.59076 1174.7395 -51.882336
970.1728 1169.898 -52.288258
965.0526 1165.0448 -52.39362
960.0778 1160.1202 -53.17216
955.015 1155.1055 -53.85715
948.92554 1152.4052 -54.402145
943.01935 1149.6974 -54.537018
938.3731 1144.3129 -55.05492
933.83655 1139.0555 -55.611973
929.172 1133.6499 -55.969357
924.5715 1128.3184 -55.93048
919.86115 1122.8597 -55.926617
915.3064 1117.5812 -56.0499
910.6052 1112.1332 -56.57628
905.9132 1106.6957 -57.162575
901.26697 1101.3112 -57.285328
896.67554 1095.9902 -57.3763
892.0476 1090.627 -57.469078
887.43787 1085.2849 -57.40785
882.8698 1079.6558 -57.61688
878.3769 1074.8727 -57.78216
871.82263 1071.7062 -57.822872
868.6455 1065.8652 -57.90298
866.37805 1059.0948 -57.91226
864.1106 1052.3245 -57.931896
861.8742 1045.647 -58.088947
859.6246 1038.9297 -58.23227
857.33484 1032.0929 -58.34642
855.1118 1025.4553 -58.6259
853.987 1018.68604 -58.923485
852.3198 1012.35004 -59.340435
849.7809 1005.46814 -59.27176
848.9212 998.5152 -59.24387
850.17816 991.5214 -59.67212
855.82654 987.65454 -60.783775
862.388 985.9981 -62.204052
869.3305 987.9434 -62.25459
876.189 989.6591 -61.25274
883.0765 991.0521 -61.356552
889.99866 992.5576 -62.395187
897.0429 994.0945 -63.752857
903.89575 995.5896 -62.430534
910.9674 997.13245 -59.477783
917.88855 998.64246 -56.98905
924.7985 1000.13043 -54.95093
931.7391 1001.4536 -52.669872
938.2549 1004.0545 -50.76988
944.49023 1007.2878 -48.902645
950.57837 1011.2258 -46.906548
955.8536 1015.6024 -45.587173
960.86127 1020.6919 -45.425877
966.453 1025.2096 -43.70528
970.80817 1030.4703 -43.793747
971.6235 1032.2219 -43.54915
972.4099 1033.8943 -43.47998
975.2384 1037.3651 -43.27966
979.0016 1037.962 -42.128544
982.50433 1038.2714 -43.627895
986.5677 1038.7372 -42.355747
990.38257 1039.1744 -41.73516
994.17554 1039.6093 -42.028446
994.91797 1039.6943 -42.66221
996.1419 1038.9071 -42.707897
998.969 1036.9706 -42.848427
1003.18134 1034.0852 -43.209763
1007.1834 1031.3438 -43.66198
1011.37146 1028.475 -42.088646
1015.4059 1025.7114 -43.620235
1018.8936 1022.0768 -42.703457
1022.1325 1018.3886 -44.978752
1024.655 1014.165 -43.40807
1026.0714 1009.79004 -45.021675
1023.2237 1008.18005 -44.779884
1021.91003 1008.9426 -44.702976
1019.9945 1007.0619 -44.639294
1017.3749 1007.5957 -44.37782
1016.80255 1008.5129 -44.290443
1014.8028 1011.7116 -44.560314
1013.70825 1013.3168 -44.705704
1014.5652 1011.27325 -44.476337
1015.2424 1007.5213 -44.215797
1015.735 1003.76587 -44.47591
1016.19366 999.8923 -44.54866
1016.5069 996.1118 -44.43393
1016.43524 992.2521 -42.753338
1016.3216 988.5123 -43.333076
1016.1564 984.66785 -41.949608
1015.80286 980.82874 -42.51102
1015.18207 977.0005 -42.44279
1014.57135 973.23425 -42.43092
1013.97235 969.5403 -43.052616
1013.3397 965.6386 -42.144077
1012.9417 961.997 -43.15466
1014.96265 961.4836 -43.0394
1012.5777 964.20166 -43.390488
1012.90784 967.7978 -43.684856
1015.87024 971.73737 -43.76403
1016.79486 976.18524 -43.484188
1016.3795 981.1955 -43.452232
1019.59406 984.8471 -42.867077
1022.9759 988.3386 -41.820347
1026.0162 991.8938 -43.10995
1028.0238 995.1145 -42.66066
1029.8684 998.41705 -45.10899
1031.2268 1002.05774 -44.19284
1032.5676 1005.65106 -46.727024
1033.8969 1009.2138 -45.369564
1034.1853 1013.01416 -44.30355
1034.2141 1016.8167 -45.100258
1035.7549 1018.1877 -47.19326
1039.4172 1017.04865 -46.793137
1044.1975 1015.89294 -47.539852
1049.1371 1014.8104 -48.45954
1053.9331 1013.75934 -49.385014
1058.7675 1012.6999 -50.2516
1063.6304 1011.63416 -48.905148
1068.4647 1010.5747 -52.500973
1073.2891 1009.51746 -52.56166
1078.1998 1008.4412 -54.047153
1083.119 1007.3632 -56.8745
1087.9054 1006.3143 -56.571682
1092.6978 1005.2641 -59.95805
1097.6469 1004.1795 -60.736378
1101.6969 1002.12177 -61.110825
1106.4696 1001.2223 -61.007324
1111.338 1000.8788 -60.417507
1116.3958 1000.5219 -59.78674
1121.3638 1000.1713 -60.402294
1126.1244 999.83545 -58.791653
1131.1729 999.4792 -61.044796
1136.1586 999.1274 -59.52776
1141.0854 998.7797 -62.392124
1142.4053 999.23895 -61.974674
1143.4465 1000.4299 -63.69388
1148.087 1002.2055 -62.139793
1151.078 1003.35004 -63.766563
1152.0382 1005.61926 -63.683273
1154.7935 1012.1303 -63.45218
1157.5104 1018.5511 -63.591644
1160.3257 1025.204 -64.36301
1163.0972 1031.7537 -64.9489
1165.8033 1038.1487 -63.78938
1168.5585 1044.6598 -64.54054
1169.0974 1045.9332 -65.26309
1171.0123 1050.4587 -64.85174
1173.8221 1057.0986 -63.6606
1176.5714 1063.5961 -64.94163
1178.7463 1070.1718 -64.62329
1180.4749 1076.955 -64.27156
1182.2241 1083.8196 -63.72498
1183.9872 1090.7385 -63.121777
1185.7301 1097.5781 -61.38926
1187.7092 1104.4365 -62.80275
1191.2189 1110.493 -61.236362
1196.1031 1115.4557 -59.527847
1197.3846 1121.7008 -57.804043
1196.3169 1128.6365 -57.69319
1201.6842 1133.2753 -55.884274
1200.8147 1134.5634 -56.312805
1194.0396 1132.4948 -55.20593
1189.6283 1129.8105 -57.541496
1193.7075 1123.8315 -56.345726
1196.7568 1117.7983 -59.407127
1194.6968 1111.0245 -61.197876
1192.4182 1104.3326 -62.386032
1190.2279 1097.6399 -62.564655
1188.0769 1091.0669 -62.474957
1185.8606 1084.2943 -63.34743
1183.6703 1077.6017 -64.08054
1181.4409 1070.7892 -64.609505
1179.2114 1063.9767 -65.07647
1177.0648 1057.417 -65.12335
1174.8353 1050.6045 -65.00283
1172.6365 1043.8851 -65.08981
1170.4244 1037.126 -65.087715
1171.3647 1040.2413 -65.14623
1173.7467 1046.7343 -64.1173
1176.2009 1053.4243 -63.94159
1178.6342 1060.057 -63.774323
1181.1078 1066.7997 -64.596756
1183.5072 1073.3405 -63.201473
1185.9568 1080.018 -62.805725
1188.366 1086.5848 -62.845722
1190.8588 1093.38 -61.19821
1193.2961 1100.0245 -62.44717
1195.7028 1106.5848 -61.013744
1197.6068 1111.601 -60.7245
1197.6068 1111.601 -59.179783
1197.6068 1111.601 -60.724346
1195.8927 1106.4318 -60.386242
1193.7246 1099.8939 -60.173687
1191.417 1092.9354 -61.3287
1189.1256 1086.0254 -61.485245
1186.9459 1079.4523 -61.898952
1184.7117 1072.7151 -62.64331
1182.4818 1065.9906 -64.87468
1180.2432 1059.2401 -65.14609
1178.0619 1052.6624 -64.9836
1175.8088 1045.8683 -64.835884
1173.557 1039.0779 -63.170128
1171.3567 1032.4423 -64.592834
1169.1797 1025.8779 -62.96862
1166.9327 1019.1019 -64.1565
1164.7073 1012.3913 -62.440983
1162.4575 1005.6074 -63.094757
1160.2322 998.8968 -62.49178
1158.2634 992.0502 -62.452934
1156.503 985.362 -62.65883
1153.0155 979.4038 -61.795326
1148.7831 973.4982 -63.596558
1144.8217 967.74414 -61.998936
1140.381 962.42163 -62.281967
1135.0276 957.5711 -62.078957
1129.8507 952.88043 -61.218792
1124.5092 948.0405 -62.196358
1119.4635 943.3723 -62.20556
1114.2395 938.5257 -62.068024
1108.9949 933.6601 -62.340237
1103.7299 928.7754 -62.48729
1098.5641 923.98285 -62.438953
1093.3708 919.16486 -62.17009
1088.2393 914.40393 -61.815277
1083.0358 909.57635 -61.717464
1077.9348 904.84406 -61.76386
1072.6493 899.9403 -62.016922
1067.5381 895.1985 -62.21557
1062.4065 890.43756 -62.28139
1057.1106 885.5243 -62.631454
1051.979 880.7634 -62.58832
1046.2969 876.702 -62.66906
1040.204 873.31305 -62.858105
1033.5626 870.54724 -62.888317
1026.7461 868.2359 -62.729336
1020.2127 865.49774 -62.86959
1013.9375 862.8678 -63.19476
1007.36536 860.1134 -63.53841
1001.09344 857.0602 -63.737698
995.0386 852.9431 -64.08505
989.40045 849.1095 -64.38724
983.4613 845.0712 -64.502655
977.499 841.01715 -64.9061
971.7918 837.0887 -64.85962
966.9666 831.84705 -64.398094
962.1824 826.5867 -63.750122
957.4254 821.3563 -62.77528
952.60254 816.0535 -61.866302
947.8927 810.875 -60.3547
943.18286 805.6964 -58.970894
938.0124 800.88354 -57.59255
932.1787 796.8156 -55.991436
926.4713 792.83575 -54.57347
920.2799 788.94006 -54.140343
913.86285 786.00836 -53.548817
907.46747 783.19714 -53.283836
901.0721 780.3859 -51.69815
894.2197 778.3642 -49.513336
887.29425 777.4464 -47.424343
880.20197 776.5091 -47.15803
873.179 775.58093 -48.475525
866.15607 774.6527 -52.07726
859.3942 773.1685 -51.3585
853.3999 769.2893 -50.683693
847.52313 765.4862 -50.164642
840.8977 763.21466 -49.82341
834.11224 761.3317 -49.550156
827.1558 759.7252 -49.39938
820.2472 758.1586 -48.805313
813.2006 757.02637 -48.020504
806.1708 756.2748 -47.308033
799.20807 755.95276 -46.56435
792.2502 755.96454 -45.902645
785.0123 756.0083 -45.349056
777.9985 756.05066 -44.763153
771.21515 756.8584 -43.78708
764.1506 757.6473 -43.31049
757.06 758.1835 -42.42612
751.4858 754.57837 -41.194496
746.2079 749.68176 -39.360195
741.2262 744.7653 -37.616776
736.3245 739.768 -35.65665
731.4228 734.7706 -33.103996
726.41656 729.5437 -30.158897
721.68207 724.40204 -27.271502
716.9614 719.23334 -23.901958
712.16656 713.8304 -20.468412
707.7271 708.3838 -17.734915
703.09686 704.0246 -16.219103
703.90125 700.9802 -16.215158
707.59015 695.0968 -16.485083
709.5501 688.3849 -16.433235
710.693 681.2411 -16.208536
711.6216 674.31744 -15.401583
713.61707 667.8403 -14.255753
711.93005 666.3219 -14.026587
709.721 672.945 -15.2316675
708.5881 679.8795 -16.131983
707.5054 686.9936 -16.47893
706.6669 693.9821 -16.381468
706.8134 701.17334 -16.594437
709.31287 707.75836 -17.873562
713.6556 713.1937 -20.809603
718.1789 718.8075 -24.155758
722.54584 724.3676 -27.491901
726.956 729.9828 -30.42832
731.2624 735.4658 -33.24373
735.76764 741.2021 -35.8573
739.9962 746.58606 -37.80127
744.3651 752.16235 -39.517586
747.9715 758.32806 -41.23647
750.54675 764.98224 -42.537533
752.47363 771.7978 -43.78457
754.10394 778.8927 -45.417995
755.553 785.8554 -46.450226
756.91156 792.75085 -47.142513
758.2837 799.71497 -47.754875
759.68024 806.8027 -48.558826
761.05505 813.7805 -49.091106
760.6289 820.46545 -49.66381
761.5482 826.8841 -50.19662
764.5002 833.38525 -50.489845
767.37695 839.72076 -50.902145
770.381 846.3367 -51.67811
773.3156 852.7996 -52.709316
775.38196 857.35046 -53.377872
775.4603 858.8453 -53.533913
776.4221 862.47296 -53.725002
777.90814 866.04706 -52.42721
778.9702 868.60156 -54.57352
779.0593 869.3795 -54.672325
778.1783 873.0709 -53.740814
777.3007 876.7476 -54.14212
777.4317 880.34467 -53.489296
777.0873 884.0406 -52.40319
776.7017 886.4034 -51.551105
778.40326 887.7001 -52.113674
780.7043 889.48004 -53.298862
781.6349 889.95746 -53.611637
783.31616 891.27936 -53.60645
786.10925 893.2681 -56.128246
787.1559 893.5599 -56.413
787.8268 894.4657 -56.487984
788.5228 895.4261 -56.488285
789.12134 896.3544 -56.52653
789.7277 897.3711 -56.58903
790.30206 898.3568 -56.647297
792.1186 901.4746 -56.85235
794.02527 904.7472 -55.359592
795.90155 907.9676 -56.815704
797.86584 911.3391 -55.67602
799.8806 914.6829 -57.20604
802.0141 917.83984 -56.025757
803.3184 919.76984 -57.719376