1302.7494 1301.1833 -9.008843
1301.2695 1299.6934 -9.326571
1296.376 1294.7667 -11.696441
1291.2358 1289.5917 -13.699822
1286.3718 1284.6947 -15.221221
1281.3204 1279.6091 -17.357542
1276.3086 1274.5631 -19.554173
1271.2867 1269.5073 -21.851667
1266.3834 1264.5707 -24.14531
1261.5442 1259.1493 -26.94968
1257.8691 1253.0531 -29.693226
1254.8073 1246.7896 -32.326668
1251.7797 1240.4937 -34.820755
1248.7644 1234.223 -37.09156
1245.7053 1227.8025 -39.332077
1242.8971 1221.284 -41.617252
1240.1893 1214.829 -43.54184
1237.395 1208.1674 -45.134075
1234.6764 1201.6864 -46.719124
1231.9362 1195.1539 -48.586487
1229.2068 1188.6472 -50.7395
1226.4395 1182.05 -52.44015
1223.7263 1175.582 -53.737247
1220.9807 1169.0366 -54.744198
1218.2947 1162.6332 -55.456
1215.5544 1156.1006 -55.494015
1212.8738 1149.4647 -55.92351
1210.0957 1143.0872 -55.756092
1207.3203 1136.4708 -55.82415
1204.2822 1129.2281 -56.77656
1201.5366 1122.6827 -57.686115
1198.8235 1116.2147 -59.221123
1196.132 1109.7983 -61.22066
1193.4513 1103.4078 -62.279846
1190.6407 1096.7074 -62.505642
1187.8889 1090.1476 -62.564575
1185.268 1083.899 -63.445908
1182.4844 1077.2633 -64.18774
1179.7008 1070.6274 -64.628006
1176.9714 1064.1207 -64.93059
1174.2799 1057.7043 -65.03629
1171.5505 1051.1976 -65.080765
1168.3771 1043.6322 -65.449425
1165.6855 1037.2158 -65.24247
1162.9346 1030.6575 -64.90142
1160.2314 1024.2133 -64.24887
1157.4695 1017.62915 -63.56148
1154.7535 1011.282 -63.51024
1152.1023 1005.0773 -63.720043
1146.958 1000.27124 -63.72878
1140.5361 998.996 -63.26942
1133.435 999.7396 -61.496567
1126.252 1000.5081 -60.56153
1119.1804 1001.26465 -60.39902
1112.2634 1002.1366 -61.46327
1105.2708 1003.0798 -61.540367
1098.1602 1004.0872 -60.78504
1091.2235 1005.2166 -59.754395
1084.432 1006.3649 -58.34358
1076.4768 1007.8467 -56.33097
1069.4891 1009.37714 -53.827904
1062.5344 1010.9932 -51.46807
1055.7163 1012.446 -49.70895
1048.7637 1013.69 -48.394554
1041.8639 1014.87024 -46.971264
1035.0648 1016.7183 -46.103046
1028.9038 1020.4093 -45.172318
1023.1183 1024.3494 -44.78379
1017.19574 1028.4133 -44.17837
1011.3342 1032.2365 -43.787575
1004.80237 1035.3582 -43.232704
998.0134 1037.1508 -42.83537
991.02484 1037.7572 -42.85725
987.2268 1043.0885 -43.46066
987.2691 1050.056 -44.476166
982.52344 1055.0969 -44.673397
975.5614 1055.3958 -43.118507
969.2884 1054.1244 -43.916607
964.3929 1049.428 -43.75648
960.47943 1043.5066 -44.336372
955.9737 1038.1145 -45.275818
952.90186 1031.7161 -46.492584
951.109 1024.7615 -47.83703
949.326 1017.83325 -48.613674
947.49524 1011.2299 -48.387527
942.985 1005.58386 -49.292282
936.8077 1002.38837 -51.3425
930.0923 1000.64246 -53.12157
923.4752 1000.83826 -55.43832
916.51715 999.3681 -57.446323
909.63574 997.8084 -59.94734
902.652 996.1937 -61.658012
895.7228 994.5917 -61.085754
888.77277 992.9848 -61.79593
882.0209 991.42377 -60.89932
877.15063 990.2978 -61.216667
873.4236 989.4361 -60.681313
869.6892 988.5727 -60.10529
866.0368 987.7021 -62.787766
862.33105 986.7528 -62.12847
859.45294 986.0155 -61.581085
857.47974 984.02893 -61.359753
852.6978 978.7754 -60.974636
848.5226 973.01807 -60.831387
844.4682 967.3979 -60.811768
840.30725 961.63007 -60.81316
836.0399 955.71466 -60.37658
834.53644 953.6306 -60.272324
833.9795 952.8585 -60.210712
832.3331 950.5764 -59.964214
832.9293 955.2516 -60.344692
836.07825 961.63916 -60.579655
838.74615 968.3513 -60.385857
834.2065 972.6595 -58.111702
827.4671 974.3574 -54.781364
820.31104 975.2836 -51.74318
813.17633 975.54877 -49.312244
806.16956 975.3152 -47.67254
801.00836 974.6032 -46.729267
802.28516 974.46014 -47.00003
802.57074 974.3407 -47.072533
801.9033 975.75665 -46.740406
801.6825 978.5423 -46.38174
800.7914 980.8493 -46.038296
799.6151 983.3574 -45.647255
798.8442 985.5925 -45.16665
798.28394 987.0099 -43.957195
797.7212 988.46344 -45.175465
797.198 989.90137 -45.07844
796.6656 991.3649 -44.750328
796.15485 992.76874 -43.49816
796.15607 994.182 -44.985607
797.60535 994.74365 -45.383797
798.942 995.45416 -45.832664
800.27545 996.235 -46.300404
803.8949 996.4707 -47.57401
808.7612 996.8972 -49.026623
813.7875 997.66815 -50.511055
818.64136 998.728 -51.772724
823.482 999.7968 -52.747208
828.3436 1000.61096 -53.643936
832.4853 1002.70856 -56.235294
835.46063 1006.5399 -54.706566
838.5983 1010.58026 -58.120792
840.81274 1013.84796 -58.8503
843.1028 1017.3004 -58.87663
845.86554 1021.46545 -59.12314
848.5779 1025.6633 -59.029697
851.30133 1029.9125 -58.99986
853.8848 1033.9435 -58.798576
856.6082 1038.1926 -58.519894
859.28937 1042.3757 -58.3518
861.9259 1046.5171 -58.091
863.3936 1051.4204 -58.002903
865.8551 1055.6534 -57.8762
867.8042 1058.945 -56.229053
869.6804 1062.1134 -57.77382
871.7066 1065.535 -56.145794
873.6446 1068.8079 -57.661957
875.55133 1072.0278 -56.28789
877.576 1075.2764 -57.783413
880.21674 1078.1758 -57.717247
883.4391 1081.9169 -57.567924
886.7582 1085.7963 -57.432938
890.0508 1089.5565 -57.422714
893.2207 1093.1765 -57.501167
896.58435 1097.0178 -55.88352
899.8177 1100.7103 -56.847008
903.1296 1104.4927 -56.076134
905.42694 1107.1161 -55.90103
907.04095 1108.9592 -56.504894
909.40894 1111.6829 -55.342205
912.0177 1114.6598 -55.771942
914.5362 1117.4684 -55.07987
917.6013 1120.7423 -55.99014
921.0938 1124.3993 -55.937565
924.5051 1127.9712 -55.9042
927.97736 1131.6069 -55.86285
931.3887 1135.1788 -54.248558
934.62787 1138.5704 -55.289993
937.2281 1141.2931 -54.0469
940.1091 1144.2161 -54.883617
943.6451 1147.7205 -54.640675
947.13934 1151.1835 -54.444233
950.6058 1154.6189 -54.415283
954.10706 1158.0889 -53.88157
957.6848 1161.6346 -53.675385
961.1721 1165.0908 -53.275562
964.76385 1168.6504 -52.952618
968.2442 1172.0996 -52.947598
971.9509 1175.2593 -52.442493
976.0597 1177.9827 -51.65983
980.2665 1180.7711 -51.020252
984.3834 1183.5 -50.582653
988.46765 1186.2072 -50.187035
992.6926 1189.0035 -49.985348
997.3049 1190.6986 -49.961876
1001.9353 1192.3014 -50.054382
1006.60284 1193.917 -48.688522
1011.40924 1195.5806 -49.72082
1013.8513 1196.4397 -50.680965
1014.5638 1196.6926 -50.78786
1018.11884 1197.9545 -49.568295
1021.6597 1199.2114 -50.518486
1022.46454 1199.4971 -51.39973
1028.3225 1201.5764 -51.621044
1034.9587 1203.932 -51.891632
1041.516 1206.2595 -51.778633
1048.3337 1208.7313 -52.57052
1054.8066 1211.0863 -52.972153
1061.648 1213.5753 -53.353848
1068.0813 1215.916 -53.525322
1074.8287 1218.2914 -53.781624
1081.5385 1220.3822 -53.819332
1088.4894 1222.5461 -52.152523
1095.2572 1224.1327 -53.282425
1102.2935 1224.8217 -52.129314
1109.4326 1225.2952 -48.887314
1116.374 1225.482 -47.315617
1123.4554 1225.6729 -47.41841
1130.7048 1225.868 -49.124733
1137.6604 1226.0553 -52.89563
1144.7538 1225.2264 -53.952896
1151.503 1223.2856 -54.43591
1158.1002 1220.7438 -54.98718
1164.7839 1218.1537 -55.444263
1171.1678 1215.3563 -55.79716
1177.2699 1211.9059 -56.07258
1183.1979 1207.7639 -56.460285
1188.6467 1203.3298 -56.39656
1193.8623 1198.7457 -56.61254
1199.1174 1193.6678 -56.701027
1203.9608 1188.692 -56.508156
1208.9924 1183.7263 -55.850327
1214.6539 1179.3591 -54.561626
1219.6709 1174.5283 -54.461536
1224.013 1168.7565 -54.47127
1226.5209 1162.2633 -54.64122
1227.4854 1155.3008 -54.845486
1227.5227 1148.2593 -55.954082
1227.3834 1141.2828 -55.97419
1227.0688 1134.0519 -56.12714
1226.4905 1126.9777 -56.754642
1225.8055 1120.0957 -57.294632
1224.9888 1113.0449 -57.850258
1224.0195 1105.9148 -57.88837
1223.0039 1098.8049 -58.05558
1222.0278 1091.9723 -59.1222
1221.0103 1084.8486 -60.390285
1220.0164 1077.8912 -62.080547
1219.0126 1070.8646 -64.22895
1218.0107 1063.8518 -66.41748
1213.2231 1061.2059 -67.36012
1206.3453 1062.7402 -66.98647
1199.3472 1062.3479 -66.47884
1192.2854 1061.1019 -64.62484
1185.5654 1058.8568 -64.62482
1182.1884 1052.9436 -64.76855
1178.6128 1046.6826 -64.761604
1175.0663 1040.4723 -64.71566
1171.7218 1034.419 -64.74868
1168.2992 1028.0298 -64.69029
1164.9888 1021.83044 -64.46905
1162.8131 1015.01807 -64.021355
1160.7325 1008.3051 -63.91015
1158.6975 1001.7392 -63.877373
1156.5299 994.7454 -63.761253
1154.4202 987.9389 -63.59713
1152.3179 981.1741 -63.515636
1153.0574 985.2098 -63.54124
1150.6693 992.0521 -63.594353
1146.8851 997.77795 -63.696346
1140.7544 1000.13806 -63.29409
1133.6007 1000.19916 -61.55598
1126.5729 1000.25806 -60.574306
1119.4332 1000.3179 -60.393597
1112.5175 1000.37585 -61.37181
1105.2517 1000.4367 -61.71209
1098.1819 1000.496 -60.89997
1091.1401 1000.555 -59.9336
1084.0425 1000.6145 -58.40466
1077.0986 1000.67267 -56.50091
1070.0149 1000.73206 -54.03214
1062.8472 1000.7921 -52.802624
1055.7775 1000.8328 -51.23127
1048.8394 1000.69226 -49.69879
1041.806 999.63855 -47.77174
1035.2532 997.8343 -46.257267
1031.5388 991.60583 -44.56288
1025.1267 989.20135 -43.679283
1019.5344 985.87134 -43.299297
1013.1015 983.1733 -43.807743
1009.1777 977.6073 -44.055965
1006.8087 970.8093 -43.801094
1008.57117 964.56445 -43.302956
1012.11035 969.86475 -43.850258
1013.79834 976.36127 -43.852985
1014.2803 983.51306 -43.66241
1014.4962 990.5793 -43.779354
1014.39 997.4908 -44.641293
1014.08673 1004.5963 -44.36866
1013.78406 1011.68787 -44.441914
1013.49744 1018.8497 -44.541378
1017.2898 1024.1682 -44.459118
1024.3541 1023.95605 -44.88874
1031.3278 1022.4423 -47.911777
1037.9624 1020.277 -48.666706
1044.8286 1018.9153 -48.060215
1049.4493 1014.22327 -48.528423
1056.2302 1012.26556 -49.82052
1063.0359 1010.6278 -51.645786
1069.8799 1009.16296 -53.986397
1076.9835 1007.7749 -56.468685
1083.8673 1006.4299 -58.214905
1090.971 1005.0418 -59.723213
1098.0472 1003.6592 -60.826664
1104.9343 1002.4078 -61.520157
1112.0886 1001.1403 -61.458443
1119.022 1000.4085 -60.385834
1125.999 999.6898 -60.52207
1133.1558 998.8145 -61.45742
1140.1029 997.95654 -63.198387
1146.3317 994.3228 -63.450047
1147.8851 987.9397 -63.26612
1145.2568 981.36646 -62.87902
1141.2213 975.5442 -62.796253
1138.4242 969.28815 -62.825714
1134.9492 962.9234 -62.87256
1131.0767 956.89325 -62.58056
1127.2922 951.1721 -62.291195
1123.2081 945.53577 -62.210907
1118.2096 940.3212 -62.25526
1113.2166 935.25696 -62.197945
1108.1433 930.37317 -60.832222
1102.9836 925.41754 -62.183773
1097.6993 920.8105 -60.907085
1092.2126 916.2035 -62.079166
1086.8625 911.7111 -60.346413
1081.3229 907.0596 -61.773212
1075.962 902.5582 -61.822277
1070.5048 897.9758 -62.180286
1065.0797 893.42053 -61.87914
1059.6868 888.89215 -60.696346
1054.2485 884.71216 -62.0697
1048.1881 880.9371 -61.298416
1041.9546 877.3193 -61.463818
1035.8308 873.957 -60.95464
1029.6844 870.62616 -62.701874
1023.19934 867.1969 -62.782322
1017.0236 863.9312 -63.02626
1010.7241 860.6001 -63.423283
1004.4246 857.26904 -63.632057
998.2984 854.02954 -63.974785
991.9618 850.6788 -64.28954
985.3484 850.31934 -64.401184
980.1177 845.9862 -64.61194
974.93024 841.8439 -64.8365
970.15 836.4277 -64.76883
965.41614 831.0639 -64.28563
960.7934 825.82605 -63.57937
956.08734 820.4938 -62.644276
951.4753 815.26526 -61.57734
947.1614 809.92633 -60.081707
943.73505 804.1489 -58.90781
939.07776 798.76794 -57.675144
934.60126 793.32086 -56.64322
930.0603 787.8502 -55.881706
924.9651 783.4114 -55.036953
919.56647 779.55347 -54.00099
912.54266 779.04974 -53.11599
905.5962 778.45404 -52.233906
898.46826 777.8406 -51.73715
891.33887 777.4247 -48.404045
884.40674 777.0196 -47.171047
877.22296 776.5998 -46.639664
870.22095 776.1906 -45.983475
863.135 775.77655 -50.24884
857.4126 779.28375 -51.67407
854.9586 784.96893 -52.7234
850.8999 788.88 -55.81715
844.31506 790.6535 -57.023895
837.62244 793.1706 -56.902256
831.2018 795.2332 -57.229637
827.2375 800.63934 -57.372665
828.91504 807.62256 -58.116833
830.7324 814.3663 -57.927006
832.19824 821.1909 -57.9857
836.2045 826.69904 -57.77918
839.8742 832.92126 -57.79415
843.29205 839.2059 -58.074898
843.30743 839.2277 -58.077206
848.4162 834.41345 -57.856968
844.62067 830.86005 -57.83818
838.46405 827.9601 -57.53941
834.1136 822.93756 -58.022755
829.6158 817.7103 -57.832596
828.3103 810.82294 -57.9193
827.69794 803.8561 -58.024937
827.60236 796.8708 -57.226776
828.61194 789.69366 -56.945885
830.72406 783.04785 -57.138016
833.4863 776.606 -56.08046
837.4115 770.9178 -50.991932
843.80585 768.9567 -50.324684
850.8777 770.4241 -50.64767
857.6107 772.17847 -51.158005
864.51074 774.0678 -51.877506
871.43384 775.96344 -49.163784
878.33954 777.5155 -47.293663
885.2223 778.70935 -47.325375
892.044 780.33887 -48.68919
899.1021 782.06445 -52.308292
905.93475 783.73486 -53.36299
912.6121 785.3674 -53.396133
919.69745 787.0996 -54.223675
926.266 788.7055 -55.192516
932.53406 792.01245 -56.216145
937.95544 796.5067 -57.37491
943.33374 800.9652 -58.553818
948.87366 805.55774 -60.114098
953.74536 809.5964 -61.47291
959.2711 814.82935 -62.409645
961.334 821.51636 -63.01392
963.5863 828.3803 -64.031525
966.50024 834.40295 -64.4455
968.549 835.43933 -64.62092
971.73816 837.5519 -64.880005
973.1784 842.0934 -64.74666
975.2296 846.1082 -64.47446
979.58026 848.5282 -64.42462
983.9481 850.95764 -64.36855
988.2559 853.35376 -62.75384
992.6966 855.7192 -63.971153
997.213 857.7427 -62.442684
1001.6683 859.7387 -62.911304
1006.292 861.8103 -62.333893
1010.7586 863.81146 -61.94775
1015.2272 865.8135 -62.963966
1019.6818 863.42633 -61.371277
1023.17456 861.5108 -62.609627
1020.63214 860.04114 -62.49741
1014.0663 857.3644 -63.115147
1009.7784 852.2219 -62.250526
1010.36163 850.35583 -61.464504
1009.2416 850.7495 -61.23164
1003.0984 854.54785 -63.566715
996.9035 853.7295 -64.03009
991.9052 852.29047 -64.22386
985.37665 850.053 -64.405304
979.2595 847.06305 -64.54454
974.1597 842.2144 -64.77069
969.4539 837.03217 -64.71801
964.7575 831.8603 -64.28539
959.8823 826.4915 -63.612404
955.9532 821.0376 -62.653244
958.7661 815.2531 -62.389053
964.9019 811.9033 -63.57669
971.6345 811.30096 -64.92217
976.9665 811.86566 -66.30818
980.3043 812.25085 -67.399826
987.3161 813.25305 -70.27735
994.2857 814.35376 -73.52292
1001.2513 815.64374 -76.61346
1007.97974 816.907 -79.170944
1014.9558 818.2167 -82.04514
1021.8873 819.5362 -85.28027
1029.0288 820.60803 -88.18037
1035.9756 820.81024 -90.32824
1043.1036 820.39716 -91.68091
1050.3156 819.9792 -92.78012
1057.3193 819.61395 -93.91077
1061.7231 819.77167 -94.917336
1058.8413 822.97784 -94.21143
1051.5966 822.40283 -93.03982
1044.6748 822.0892 -91.997345
1037.6906 821.63873 -90.781166
1030.4778 821.03516 -88.665825
1023.5022 820.4515 -85.92132
1016.3519 819.44727 -82.58924
1009.4298 818.3158 -79.79778
1002.53534 817.18884 -77.129875
1001.5958 817.0353 -76.75251
994.43243 815.8644 -73.598045
990.3289 815.19366 -71.69946
984.8361 814.2617 -69.26512
977.9606 812.6179 -66.662224
971.11755 810.91077 -64.53564
964.2366 809.18317 -63.330055
957.4122 807.28284 -61.51309
950.6199 805.63837 -59.860786
943.7412 804.0366 -58.386143
936.704 802.3971 -57.435318
930.9179 799.1527 -55.455933
925.60223 794.344 -54.385315
920.18353 789.8435 -53.018814
914.69653 785.5977 -53.616383
909.16864 782.4372 -53.21887
903.0607 779.7405 -53.124584
896.06976 779.10016 -50.466988
888.9874 778.4515 -47.818928
887.95575 778.357 -47.545887
884.7213 778.0607 -47.23602
877.5553 777.40436 -47.36915
871.0087 778.2822 -49.381126
864.229 778.85046 -52.284634
858.5234 782.68604 -52.136528
852.2543 786.3 -54.548668
846.15424 789.71643 -56.95587
839.3426 791.13654 -57.130642
833.1786 792.758 -57.257416
828.0493 797.9017 -57.192303
823.1237 802.93445 -57.643764
817.1227 805.5136 -57.45302
812.0992 810.6464 -55.82537
807.8629 814.9749 -57.368946
807.8628 814.9825 -57.368946
808.8309 818.46875 -57.52344
809.97797 820.03644 -57.606617
807.96515 819.1252 -57.479992
810.60803 820.29504 -57.651276
814.1991 821.7399 -57.73433
817.9416 821.8605 -57.642048
821.27386 820.3765 -57.532978
824.47516 818.29626 -57.71713
827.9323 817.1934 -57.786045
831.10077 819.2955 -57.908077
833.6704 822.0801 -58.01651
836.5559 825.6893 -57.781017
836.3587 830.5228 -57.827637
837.35516 835.34686 -58.013447
838.303 840.10315 -58.11907
838.5148 845.0354 -58.183815
835.828 848.89044 -57.983074
832.1366 852.3034 -57.794052
828.7264 855.72577 -56.20947
825.3077 859.15063 -57.65624
822.56836 861.82074 -56.276043
820.0573 864.67523 -57.750923
819.8222 865.009 -57.750923
819.7816 866.0593 -57.791645
821.1584 869.60724 -57.966545
821.0337 873.64197 -58.123867
819.665 878.34576 -58.5386
818.0498 883.0225 -58.473057
816.3415 887.5837 -56.952713
814.5678 892.3193 -58.06366
811.7501 894.95435 -57.449142
808.50977 896.90076 -57.3103
804.1609 896.6966 -56.116154
799.4261 895.3246 -56.419083
794.88995 893.60535 -56.554237
791.748 890.3162 -56.482777
788.78613 886.6947 -56.33704
786.3622 882.7248 -56.012577
784.0674 878.4708 -55.767742
782.179 873.9493 -55.08959
780.28314 869.40967 -54.614677
779.25256 864.7416 -54.153996
781.7859 860.62213 -53.644318
784.7672 856.6596 -54.00887
787.7898 852.64233 -54.871326
790.6769 848.8051 -55.411953
793.69354 844.79565 -56.097458
796.63367 840.888 -56.936184
799.5973 836.949 -57.48194
802.64935 832.8925 -57.340725
805.6366 828.92224 -57.575043
805.70776 824.13184 -57.406948
805.98486 819.24 -57.34258
807.6016 815.02075 -57.36228
811.273 811.79047 -55.821926
815.15045 808.3789 -57.14463
817.9933 805.8776 -57.4468
820.9277 803.2958 -57.56704
823.4964 800.54675 -57.526714
826.5701 798.376 -57.290737
829.35486 796.1644 -57.1699
833.17535 795.59393 -57.264862
837.0062 795.17944 -57.249027
840.79315 794.93005 -56.495827
844.64795 794.6762 -56.023693
848.32697 794.4339 -57.051754
852.18176 794.18005 -55.472572
856.0768 793.9235 -55.340508
856.9141 793.8684 -55.095215
854.93024 790.99426 -54.811493
852.8707 787.7976 -53.965096
850.77844 784.55005 -53.276093
850.18115 781.94904 -54.10417
852.1809 781.99023 -52.992302
853.1065 785.49146 -53.806423
853.094 789.87537 -55.11263
853.11273 790.12946 -55.185772
853.11346 790.1394 -55.185925
853.12634 790.31396 -55.23859
853.13574 790.4411 -55.26368
853.40643 794.11145 -56.103977
852.8451 797.17194 -56.85672
853.433 798.148 -56.94577
854.00934 799.1059 -57.033413
854.7757 799.8821 -56.995895
855.72284 800.4219 -56.907104
856.5287 801.2954 -55.287083
857.2562 802.08405 -56.77116
858.0667 802.9625 -55.47093
858.804 803.8569 -56.897434
859.5725 804.6556 -56.833553
860.68066 804.8355 -55.1842
861.65027 805.2709 -56.357212
862.3939 806.1716 -56.240158
863.52203 805.8689 -55.755672
864.1132 804.93555 -55.45628
864.20807 803.8001 -55.33041
864.10046 802.68994 -55.21275
863.5327 799.6905 -54.829643
863.0286 795.9146 -54.362755
862.5994 792.12866 -53.928486
861.77295 789.32635 -53.387905
860.29877 786.6413 -52.974373
860.4991 785.1855 -52.81726
860.727 783.7184 -51.670902
860.9613 782.21063 -51.49174
861.8967 779.2543 -52.10171
864.3743 776.4622 -52.069088
868.1687 776.94244 -51.019413
872.1063 777.34985 -48.74601
877.02905 777.8592 -47.430183
881.6673 777.6734 -46.967903
886.6757 778.3712 -47.432343
891.4706 779.03925 -48.516155
896.56635 779.74927 -47.367207
901.45825 780.43085 -49.375973
905.86914 781.04535 -53.15137
909.6654 781.5743 -53.16599
913.4317 782.09906 -53.340637
910.40314 781.9365 -53.20187
906.57806 781.6921 -53.18325
902.8963 781.4568 -53.254734
899.79486 779.76074 -52.60652
896.44855 778.272 -50.579285
894.2035 778.0267 -49.484085
893.12256 778.0086 -48.962692
888.3042 777.92816 -47.599182
883.2677 777.844 -47.091114
878.3586 777.762 -47.296535
873.3615 777.66925 -48.31991
868.616 776.41943 -50.745228
863.76 776.13153 -51.981148
859.16376 777.2383 -51.680874
858.87384 778.77924 -51.787125
857.6583 781.0988 -51.89055
856.7007 785.7407 -52.576958
853.5234 789.3892 -54.786427
852.47253 794.14075 -56.346573
853.45575 795.8265 -56.5003
850.6764 797.6433 -57.370975
848.50934 798.12445 -57.754013
844.1337 798.15857 -57.675896
839.3805 799.3807 -56.7822
835.7229 801.3235 -57.583347
833.86725 804.64984 -58.181583
831.3461 807.46735 -58.189625
827.9322 810.19434 -57.967953
824.5507 813.72205 -57.911575
821.2327 817.5381 -57.82539
818.8664 820.2596 -57.642998
818.5224 820.6552 -57.622112
817.2001 822.1122 -57.656654
817.08655 822.2264 -57.656654
