41467820 16203 1  -1 957058  106020   132525   320598639
41520660 13511 1  -1 103481  147500   150000   300722660
41520665 13511 1  -1 103481  147500   150000   306068660
41520671 13511 1  -1 103481  147500   150000   306409660
41520643 13511 1  -1 103481  147500   150000   310260660
41520655 13511 1  -1 103481  147500   150000   314394660
41520637 13511 1  -1 103481  147500   150000   316567660
41520669 13511 1  -1 103481  147500   150000   331948660
41520650 13511 1  -1 103481  147500   150000   320228382
41520539 13512 1  -1 103481  137500   149900   297848444
41520677 13511 1  -1 103481  147500   150000   309397667
41503384 20749 1  -5 833542  134974   177518   372090915
41520578 13512 1  -1 103481  137500   149900   316089779
41520543 13512 1  -1 103481  137500   149900   327286120
41520669 13511 1  -1 103481  147500   150000   305055572
41520655 13511 1  -1 103481  147500   150000   318331572
41520671 13511 1  -1 103481  147500   150000   319691572
41520665 13511 1  -1 103481  147500   150000   326207572
41520660 13511 1  -1 103481  147500   150000   328843572
41520643 13511 1  -1 103481  147500   150000   308142211
41520637 13511 1  -1 103481  147500   150000   321419211
41520650 13511 1  -1 103481  147500   150000   301190011
41520677 13511 1  -1 103481  147500   150000   329143061
41520578 13512 1  -1 103481  137500   149900   311764977
41525831 22449 1  0  1013379 198000   198000   324044542
41520543 13512 1  -1 103481  137500   149900   309372784
41526097 13512 1  -1 103481  137500   149900   324318412
41526105 13512 1  -1 103481  137500   149900   332199610
41526102 13512 1  -1 103481  137500   149900   309363610
41526100 13512 1  -1 103481  137500   149900   301142610
41526096 22794 1  0  1107699 195000   209000   334703610
41526094 13512 1  -1 103481  137500   149900   331030610
41526093 13512 1  -1 103481  137500   149900   323587610
41526092 22794 1  0  1107699 195000   209000   376193610
41526091 13512 1  -1 103481  137500   149900   316368610
41526089 13512 1  -1 103481  137500   149900   310526610
41526087 13512 1  -1 103481  137500   149900   327514610
41526084 13512 1  -1 103481  137500   149900   330254610
41526078 13512 1  -1 103481  137500   149900   329709610
41520669 13511 1  -1 103481  147500   150000   318363672
41520671 13511 1  -1 103481  147500   150000   322040672
41520669 13511 1  -1 103481  147500   150000   300741240
41520671 13511 1  -1 103481  147500   150000   309741240
41520660 13511 1  -1 103481  147500   150000   314883240
41520643 13511 1  -1 103481  147500   150000   317697240
41520655 13511 1  -1 103481  147500   150000   318646240
41520665 13511 1  -1 103481  147500   150000   327617240
41520637 13511 1  -1 103481  147500   150000   328499240
41520650 13511 1  -1 103481  147500   150000   310754649
41520677 13511 1  -1 103481  147500   150000   305310874
41520578 13512 1  -1 103481  137500   149900   317020310
41520543 13512 1  -1 103481  137500   149900   325732609
41526097 13512 1  -1 103481  137500   149900   314572862
41520665 13511 1  -1 103481  147500   150000   312608517
41520671 13511 1  -1 103481  147500   150000   317381517
41520669 13511 1  -1 103481  147500   150000   318819517
41520660 13511 1  -1 103481  147500   150000   335473517
41520643 13511 1  -1 103481  147500   150000   312241113
41520655 13511 1  -1 103481  147500   150000   327864113
41528250 29533 1  -1 147072  1459999  1490900  347371493
41520650 13511 1  -1 103481  147500   150000   314637894
41520677 13511 1  -1 103481  147500   150000   335397096
41520665 13511 1  -1 103481  147500   150000   301000519
41520669 13511 1  -1 103481  147500   150000   306709519
41520660 13511 1  -1 103481  147500   150000   314117519
41520643 13511 1  -1 103481  147500   150000   330406519
41520655 13511 1  -1 103481  147500   150000   332286519
41520671 13511 1  -1 103481  147500   150000   334539519
41520650 13511 1  -1 103481  147500   150000   306921901
41520677 13511 1  -1 103481  147500   150000   303831441
41520660 13511 1  -1 103481  147500   150000   302310912
41520655 13511 1  -1 103481  147500   150000   310496912
41520665 13511 1  -1 103481  147500   150000   311192912
41520671 13511 1  -1 103481  147500   150000   321433912
41520669 13511 1  -1 103481  147500   150000   328655912
41520643 13511 1  -1 103481  147500   150000   328748912
41520650 13511 1  -1 103481  147500   150000   314720671
41520677 13511 1  -1 103481  147500   150000   313363623
41520671 13511 1  -1 103481  147500   150000   312684724
41520665 13511 1  -1 103481  147500   150000   314491724
41520643 13511 1  -1 103481  147500   150000   315499724
41520660 13511 1  -1 103481  147500   150000   320469724
41520655 13511 1  -1 103481  147500   150000   333959724
41520669 13511 1  -1 103481  147500   150000   338049724
41520650 13511 1  -1 103481  147500   150000   305990117
41520677 13511 1  -1 103481  147500   150000   327821131
41520669 13511 1  -1 103481  147500   150000   305564553
41520665 13511 1  -1 103481  147500   150000   313132553
41520660 13511 1  -1 103481  147500   150000   319406553
41520643 13511 1  -1 103481  147500   150000   319818553
41520671 13511 1  -1 103481  147500   150000   319947553
41520655 13511 1  -1 103481  147500   150000   335448553
41520650 13511 1  -1 103481  147500   150000   305596972
41520677 13511 1  -1 103481  147500   150000   319961017
41534200 20749 1  -5 1219202 134974   168718   348533168
41533574 16084 1  -1 1178210 10000    15000    350317283
41520643 13511 1  -1 103481  147500   150000   306889588
41520669 13511 1  -1 103481  147500   150000   321487588
41520665 13511 1  -1 103481  147500   150000   328863588
41520660 13511 1  -1 103481  147500   150000   330306588
41520655 13511 1  -1 103481  147500   150000   338467588
41520671 13511 1  -1 103481  147500   150000   339202588
41520650 13511 1  -1 103481  147500   150000   314316186
41520677 13511 1  -1 103481  147500   150000   310094369
41534200 20749 1  -5 1219202 134974   168718   366518335
41520655 13511 1  -1 103481  147500   150000   306615567
41520669 13511 1  -1 103481  147500   150000   307759567
41520671 13511 1  -1 103481  147500   150000   309562567
41520660 13511 1  -1 103481  147500   150000   311169567
41520643 13511 1  -1 103481  147500   150000   312392567
41520665 13511 1  -1 103481  147500   150000   315008567
41520650 13511 1  -1 103481  147500   150000   341429750
41520677 13511 1  -1 103481  147500   150000   331348315
41534200 20749 1  -5 1219202 134974   168718   351714943
41520660 13511 1  -1 103481  147500   150000   311979337
41520669 13511 1  -1 103481  147500   150000   315993337
41520655 13511 1  -1 103481  147500   150000   322136337
41520665 13511 1  -1 103481  147500   150000   333566337
41520643 13511 1  -1 103481  147500   150000   337773337
41520671 13511 1  -1 103481  147500   150000   339506337
41520650 13511 1  -1 103481  147500   150000   335307744
41520677 13511 1  -1 103481  147500   150000   326351192
41534200 20749 1  -5 1219202 134974   168718   379484881
41505793 21862 1  0  1195781 51655    0        375390753
41538848 22794 1  0  1233388 210000   210000   354864761
41538844 22794 1  0  1233388 210000   210000   381568761
41538572 27498 1  -1 975131  18000    19500    367645755
41538129 27498 1  -1 1217981 19999    19999    363325191
41520671 13511 1  -1 103481  147500   150000   326324002
41520669 13511 1  -1 103481  147500   150000   339867002
41520665 13511 1  -1 103481  147500   150000   319188629
41520669 13511 1  -1 103481  147500   150000   320776629
41520643 13511 1  -1 103481  147500   150000   332653629
41520660 13511 1  -1 103481  147500   150000   336588629
41520655 13511 1  -1 103481  147500   150000   338754629
41520650 13511 1  -1 103481  147500   150000   320256527
41520677 13511 1  -1 103481  147500   150000   339976628
41538571 27498 1  -1 975131  18000    19500    373703344
41534200 20749 1  -5 1219202 134974   168718   360961104
41539799 22448 1  0  1088830 30000    30000    371212012
41520669 13511 1  -1 103481  147500   150000   330641608
41520650 13511 1  -1 103481  147500   150000   320648893
41520677 13511 1  -1 103481  147500   150000   320270452
41534200 20749 1  -5 1219202 134974   168718   387507256
41540248 22521 1  -5 1055216 102250   110000   361988609
41540228 29740 1  0  1055216 100100   110000   380958801
41539799 22448 1  0  1088830 30000    30000    358602386
41520669 13511 1  -1 103481  147500   150000   324868640
41520650 13511 1  -1 103481  147500   150000   330526533
41520677 13511 1  -1 103481  147500   150000   313298008
41539799 22448 1  0  1088830 30000    30000    363965734
41520669 13511 1  -1 103481  147500   150000   337308192
41520650 13511 1  -1 103481  147500   150000   312922210
41520677 13511 1  -1 103481  147500   150000   345887776
41539799 22448 1  0  1088830 30000    30000    370796886
41520650 13511 1  -1 103481  147500   150000   341800316
41520677 13511 1  -1 103481  147500   150000   318583118
41543618 20520 1  -1 760316  143000   160000   355916446
41543637 20520 1  -1 760316  143000   160000   361654446
41543628 20520 1  -1 760316  143000   160000   379579446
41539799 22448 1  0  1088830 30000    30000    352042859
41520650 13511 1  -1 103481  147500   150000   320462792
41543626 20520 1  -1 760316  143000   160000   356760901
41520677 13511 1  -1 103481  147500   150000   318279932
41539799 22448 1  0  1088830 30000    30000    390370493
41520650 13511 1  -1 103481  147500   150000   332622227
41520677 13511 1  -1 103481  147500   150000   337960205
41539799 22448 1  0  1088830 30000    30000    383159489
41520650 13511 1  -1 103481  147500   150000   329290158
41520677 13511 1  -1 103481  147500   150000   332247185
41546516 7077  1  0  1235677 600      30000    374459849
41539799 22448 1  0  1088830 30000    30000    391472110
41520650 13511 1  -1 103481  147500   150000   326464596
41520677 13511 1  -1 103481  147500   150000   332605383
41539799 22448 1  0  1088830 30000    30000    391379984
41520650 13511 1  -1 103481  147500   150000   343790636
41520677 13511 1  -1 103481  147500   150000   345659041
41547543 22450 1  0  1230356 490100   500000   393294231
41539799 22448 1  0  1088830 30000    30000    365031603
41520650 13511 1  -1 103481  147500   150000   329976552
41520677 13511 1  -1 103481  147500   150000   352821389
41547543 22450 1  0  1230356 490100   500000   379747747
41539799 22448 1  0  1088830 30000    30000    381125886
41520650 13511 1  -1 103481  147500   150000   347379037
41520677 13511 1  -1 103481  147500   150000   324984787
41547543 22450 1  0  1230356 490100   500000   358019462
41539799 22448 1  0  1088830 30000    30000    368133813
41520650 13511 1  -1 103481  147500   150000   333145845
41520677 13511 1  -1 103481  147500   150000   352374351
41549300 23804 1  -1 953070  153600   172000   326544009
41547543 22450 1  0  1230356 490100   500000   363783805
41539799 22448 1  0  1088830 30000    30000    372882792
41520650 13511 1  -1 103481  147500   150000   341829195
41520677 13511 1  -1 103481  147500   150000   354425244
41549305 23804 1  -1 953070  153600   172000   331697150
41547543 22450 1  0  1230356 490100   500000   367656060
41539799 22448 1  0  1088830 30000    30000    394520756
41520650 13511 1  -1 103481  147500   150000   348268204
41520677 13511 1  -1 103481  147500   150000   342623669
41547543 22450 1  0  1230356 490100   500000   378359626
41539799 22448 1  0  1088830 30000    30000    380899875
41520650 13511 1  -1 103481  147500   150000   339857720
41520677 13511 1  -1 103481  147500   150000   347895757
41550856 29740 1  0  1201720 100100   120000   365704810
41550853 29740 1  0  1201720 100100   120000   382724810
41550852 29740 1  0  1201720 100100   120000   387290810
41547543 22450 1  0  1230356 490100   500000   396635489
41539799 22448 1  0  1088830 30000    30000    387254020
41520650 13511 1  -1 103481  147500   150000   348887683
41551026 29740 1  0  1236428 100100   110000   394516691
41520677 13511 1  -1 103481  147500   150000   347095187
41551115 32428 1  0  1040668 474000   499500   386964732
41520650 13511 1  -1 103481  147500   150000   339135660
41551026 29740 1  0  1236428 100100   110000   387303608
41551116 32428 1  0  1040668 474000   499500   402109093
41520677 13511 1  -1 103481  147500   150000   339546522
41520677 13511 1  -1 103481  147500   150000   339546522
41551805 31297 1  0  957714  386840   483550   363021110
41551469 21855 1  0  1205875 45136    50000    375341144
41551468 21855 1  0  1205875 45136    50000    393162144
41551465 21855 1  0  1205875 45136    50000    399854144
41551467 21855 1  0  1205875 45136    50000    400092144
41551481 29740 1  0  1180438 103500   109500   394418144
41551115 32428 1  0  1040668 474000   499500   377936386
41520650 13511 1  -1 103481  147500   150000   342437006
41551026 29740 1  0  1236428 100100   110000   395614874
41551116 32428 1  0  1040668 474000   499500   377217725
41520677 13511 1  -1 103481  147500   150000   353008502
41551481 29740 1  0  1180438 103500   109500   388165354
41551115 32428 1  0  1040668 474000   499500   374046628
41520650 13511 1  -1 103481  147500   150000   357599478
41551026 29740 1  0  1236428 100100   110000   395244892
41551116 32428 1  0  1040668 474000   499500   370767602
41520677 13511 1  -1 103481  147500   150000   340750087
41552489 32428 1  0  669969  499499   499499   394940944
41552490 32428 1  0  669969  499499   499499   382869352
41552487 32428 1  0  669969  499499   499499   382871352
41552887 29740 1  0  1142287 90000    100000   339869782
41551481 29740 1  0  1180438 103500   109500   396236702
41520650 13511 1  -1 103481  147500   150000   334731602
41551026 29740 1  0  1236428 100100   110000   378702103
41520677 13511 1  -1 103481  147500   150000   360389282
41552887 29740 1  0  1142287 90000    100000   332341934
41551481 29740 1  0  1180438 103500   109500   364852876
41520650 13511 1  -1 103481  147500   150000   331301619
41551026 29740 1  0  1236428 100100   110000   391161234
41520677 13511 1  -1 103481  147500   150000   358501356
41553807 31297 1  0  1228488 409153   450000   392434285
41520650 13511 1  -1 103481  147500   150000   364013448
41520677 13511 1  -1 103481  147500   150000   365747150
41520677 13511 1  -1 103481  147500   150000   357415751
41520650 13511 1  -1 103481  147500   150000   329338358
41520677 13511 1  -1 103481  147500   150000   326828933
41555969 7971  1  0  1225954 1500     62000    402639368
41520650 13511 1  -1 103481  147500   150000   326804320
41520677 13511 1  -1 103481  147500   150000   328558423
41555969 7971  1  0  1225954 1500     62000    393124923
41520650 13511 1  -1 103481  147500   150000   331379447
41520677 13511 1  -1 103481  147500   150000   327678084
41555969 7971  1  0  1225954 1500     62000    395186073
41557388 23436 1  0  846855  178500   188500   380927654
41520650 13511 1  -1 103481  147500   150000   328662563
41520677 13511 1  -1 103481  147500   150000   331383617
41520650 13511 1  -1 103481  147500   150000   330728453
41520677 13511 1  -1 103481  147500   150000   331726515
Sun Apr 01 22:35:19 MSK 2018 false 41629471 15086 1  0  1060078 49999    49999    395385633
Sun Apr 01 22:35:19 MSK 2018 false 41629481 15086 1  0  1060078 49999    49999    400889633
Sun Apr 01 22:35:22 MSK 2018 false 41629310 23438 1  0  1216031 35000    40000    428816695
Sun Apr 01 22:35:22 MSK 2018 false 41629299 23438 1  0  1216031 35000    40000    452256695
Sun Apr 01 22:35:24 MSK 2018 false 41629215 23441 1  0  1216031 35000    40000    454177243
Sun Apr 01 22:35:25 MSK 2018 false 41629098 22832 1  -1 1124234 31000    31400    425386885
Sun Apr 01 22:35:25 MSK 2018 false 41629099 22832 1  -1 1124234 31000    31400    447401885
Sun Apr 01 22:35:25 MSK 2018 false 41629095 22832 1  -1 1124234 31000    31400    460428885
Sun Apr 01 22:35:29 MSK 2018 false 41628416 29160 1  0  1064838 53687    60000    425749115
Sun Apr 01 22:35:38 MSK 2018 false 41627837 21855 1  0  1179173 45136    50000    427957800
Sun Apr 01 22:35:38 MSK 2018 false 41627783 31866 1  0  546188  68529    69894    393964800
Sun Apr 01 22:35:38 MSK 2018 false 41627778 31866 1  0  546188  68529    69894    403281800
Sun Apr 01 22:35:38 MSK 2018 false 41627847 22573 1  -1 881695  4900     5300     382209800
Sun Apr 01 22:35:38 MSK 2018 false 41627845 22573 1  -1 881695  4900     5300     402353800
Sun Apr 01 22:35:38 MSK 2018 false 41627844 22573 1  -1 881695  4900     5300     412892800
Sun Apr 01 22:35:38 MSK 2018 false 41627849 22573 1  -1 881695  4900     5300     413447800
Sun Apr 01 22:35:40 MSK 2018 false 41627707 21855 1  0  1179173 45136    50000    421906401
Sun Apr 01 22:35:40 MSK 2018 false 41627721 21855 1  0  1179173 45136    50000    431823401
Sun Apr 01 22:35:40 MSK 2018 false 41627743 21855 1  0  1179173 45136    50000    439928401
Sun Apr 01 22:35:40 MSK 2018 false 41627706 21855 1  0  1179173 45136    50000    443803401
Sun Apr 01 22:35:40 MSK 2018 false 41627734 21855 1  0  1179173 45136    50000    454131401
Sun Apr 01 22:35:40 MSK 2018 false 41627633 23077 1  0  776292  3750     9900     431066401
Sun Apr 01 22:35:40 MSK 2018 false 41627638 23077 1  0  776292  3750     9900     450908401
Sun Apr 01 22:35:40 MSK 2018 false 41627639 25844 1  0  1151651 108000   150000   434952401
Sun Apr 01 22:35:40 MSK 2018 false 41627641 25844 1  0  1151651 108000   150000   440551401
Sun Apr 01 22:35:40 MSK 2018 false 41627643 25844 1  0  1151651 108000   150000   445866401
Sun Apr 01 22:35:40 MSK 2018 false 41627647 25844 1  0  1151651 108000   150000   447829401
Sun Apr 01 22:35:42 MSK 2018 false 41627594 23112 1  0  776292  13050    13500    420766996
Sun Apr 01 22:35:42 MSK 2018 false 41627591 23112 1  0  776292  13050    13500    450839996
Sun Apr 01 22:35:50 MSK 2018 false 41626724 23077 1  0  1224527 9950     10000    448180067
Sun Apr 01 22:35:53 MSK 2018 false 41626540 23112 1  0  1192511 14000    15000    453161289
Sun Apr 01 22:35:56 MSK 2018 false 41626284 29548 1  0  1182536 17500    17500    418759546
Sun Apr 01 22:35:56 MSK 2018 false 41626275 29548 1  0  1182536 17500    17500    423360546
Sun Apr 01 22:35:56 MSK 2018 false 41626267 29548 1  0  1182536 17500    17500    425663546
Sun Apr 01 22:35:56 MSK 2018 false 41626286 29548 1  0  1182536 17500    17500    426178546
Sun Apr 01 22:35:56 MSK 2018 false 41626274 29548 1  0  1182536 17500    17500    430108546
Sun Apr 01 22:35:56 MSK 2018 false 41626280 29548 1  0  1182536 17500    17500    441930546
Sun Apr 01 22:35:58 MSK 2018 false 41626148 29547 1  0  1182536 40000    40000    420744126
Sun Apr 01 22:35:59 MSK 2018 false 41625874 28279 1  -1 964828  399999   399999   403143793
Sun Apr 01 22:36:01 MSK 2018 false 41625866 31297 1  0  1163940 449153   450000   431174382
Sun Apr 01 22:36:06 MSK 2018 false 41625226 25843 1  0  1097136 102000   109300   419067244
Sun Apr 01 22:36:14 MSK 2018 false 41624369 13511 1  -1 103481  137500   140000   391278249
Sun Apr 01 22:36:14 MSK 2018 false 41624373 13511 1  -1 103481  137500   140000   399383249
Sun Apr 01 22:36:14 MSK 2018 false 41624378 13511 1  -1 103481  137500   140000   410870249
Sun Apr 01 22:36:20 MSK 2018 false 41623606 8839  1  0  688152  1174     1174     459790854
Sun Apr 01 22:36:22 MSK 2018 false 41623524 23112 1  0  1237444 13000    14000    441325450
Sun Apr 01 22:36:25 MSK 2018 false 41622999 21767 1  0  1064838 27762    30000    450181667
Sun Apr 01 22:36:29 MSK 2018 false 41622547 13512 1  -1 608319  135000   140000   383016919
Sun Apr 01 22:36:29 MSK 2018 false 41622516 13512 1  -1 608319  135000   140000   383833919
Sun Apr 01 22:36:29 MSK 2018 false 41622556 13512 1  -1 608319  135000   140000   392333919
Sun Apr 01 22:36:29 MSK 2018 false 41622566 13512 1  -1 608319  135000   140000   395125919
Sun Apr 01 22:36:29 MSK 2018 false 41622603 13512 1  -1 608319  135000   140000   396075919
Sun Apr 01 22:36:29 MSK 2018 false 41622574 13512 1  -1 608319  135000   140000   396452919
Sun Apr 01 22:36:29 MSK 2018 false 41622448 13512 1  -1 608319  135000   140000   411378919
Sun Apr 01 22:36:29 MSK 2018 false 41622583 13512 1  -1 608319  135000   140000   417512919
Sun Apr 01 22:36:30 MSK 2018 false 41622387 7971  1  0  1230909 40000    42000    400150556
Sun Apr 01 22:36:30 MSK 2018 false 41622370 7971  1  0  1230909 40000    42000    414031556
Sun Apr 01 22:36:30 MSK 2018 false 41622401 13512 1  -1 608319  135000   140000   382206556
Sun Apr 01 22:36:30 MSK 2018 false 41622422 13512 1  -1 608319  135000   140000   387164556
Sun Apr 01 22:36:30 MSK 2018 false 41622391 13512 1  -1 608319  135000   140000   389299556
Sun Apr 01 22:36:30 MSK 2018 false 41622337 13512 1  -1 608319  135000   140000   399196556
Sun Apr 01 22:36:30 MSK 2018 false 41622373 13512 1  -1 608319  135000   140000   400155556
Sun Apr 01 22:36:30 MSK 2018 false 41622362 13512 1  -1 608319  135000   140000   403923556
Sun Apr 01 22:36:32 MSK 2018 false 41622048 23077 1  0  208259  3750     10000    459499109
Sun Apr 01 22:36:33 MSK 2018 false 41621897 20725 1  0  954387  70100    73500    441027721
Sun Apr 01 22:36:33 MSK 2018 false 41621958 13511 1  -1 608319  145000   149900   383607721
Sun Apr 01 22:36:33 MSK 2018 false 41621856 13511 1  -1 608319  145000   149900   385142721
Sun Apr 01 22:36:33 MSK 2018 false 41621920 13511 1  -1 608319  145000   149900   392218721
Sun Apr 01 22:36:33 MSK 2018 false 41621971 13511 1  -1 608319  145000   149900   395057721
Sun Apr 01 22:36:33 MSK 2018 false 41621974 13511 1  -1 608319  145000   149900   398261721
Sun Apr 01 22:36:33 MSK 2018 false 41621823 13511 1  -1 608319  145000   149900   400196721
Sun Apr 01 22:36:33 MSK 2018 false 41621873 13511 1  -1 608319  145000   149900   404171721
Sun Apr 01 22:36:33 MSK 2018 false 41621911 13511 1  -1 608319  145000   149900   408767721
Sun Apr 01 22:36:33 MSK 2018 false 41621884 13511 1  -1 608319  145000   149900   409410721
Sun Apr 01 22:36:33 MSK 2018 false 41621942 13511 1  -1 608319  145000   149900   410145721
Sun Apr 01 22:36:33 MSK 2018 false 41622000 13511 1  -1 608319  145000   149900   417694721
Sun Apr 01 22:36:35 MSK 2018 false 41621716 13512 1  -1 608319  135000   140000   383561358
Sun Apr 01 22:36:35 MSK 2018 false 41621709 13512 1  -1 608319  135000   140000   389682358
Sun Apr 01 22:36:35 MSK 2018 false 41621697 13512 1  -1 608319  135000   140000   389717358
Sun Apr 01 22:36:35 MSK 2018 false 41621754 13512 1  -1 608319  135000   140000   392780358
Sun Apr 01 22:36:35 MSK 2018 false 41621735 13512 1  -1 608319  135000   140000   393238358
Sun Apr 01 22:36:35 MSK 2018 false 41621707 13512 1  -1 608319  135000   140000   396862358
Sun Apr 01 22:36:35 MSK 2018 false 41621752 13512 1  -1 608319  135000   140000   398220358
Sun Apr 01 22:36:35 MSK 2018 false 41621732 13512 1  -1 608319  135000   140000   399992358
Sun Apr 01 22:36:35 MSK 2018 false 41621742 13512 1  -1 608319  135000   140000   401318358
Sun Apr 01 22:36:35 MSK 2018 false 41621718 13512 1  -1 608319  135000   140000   401766358
Sun Apr 01 22:36:35 MSK 2018 false 41621720 13512 1  -1 608319  135000   140000   402171358
Sun Apr 01 22:36:35 MSK 2018 false 41621730 13512 1  -1 608319  135000   140000   407037358
Sun Apr 01 22:36:35 MSK 2018 false 41621762 13512 1  -1 608319  135000   140000   410002358
Sun Apr 01 22:36:35 MSK 2018 false 41621737 13512 1  -1 608319  135000   140000   414576358
Sun Apr 01 22:36:35 MSK 2018 false 41621726 13512 1  -1 608319  135000   140000   416524358
Sun Apr 01 22:36:37 MSK 2018 false 41621588 13512 1  -1 608319  135000   140000   385366931
Sun Apr 01 22:36:37 MSK 2018 false 41621524 13512 1  -1 608319  135000   140000   387020931
Sun Apr 01 22:36:37 MSK 2018 false 41621537 13512 1  -1 608319  135000   140000   395452931
Sun Apr 01 22:36:37 MSK 2018 false 41621621 13512 1  -1 608319  135000   140000   395681931
Sun Apr 01 22:36:37 MSK 2018 false 41621604 13512 1  -1 608319  135000   140000   405867931
Sun Apr 01 22:36:37 MSK 2018 false 41621618 13512 1  -1 608319  135000   140000   406044931
Sun Apr 01 22:36:37 MSK 2018 false 41621612 13512 1  -1 608319  135000   140000   409494931
Sun Apr 01 22:36:37 MSK 2018 false 41621542 13512 1  -1 608319  135000   140000   410608931
Sun Apr 01 22:36:37 MSK 2018 false 41621620 13512 1  -1 608319  135000   140000   414949931
Sun Apr 01 22:36:37 MSK 2018 false 41621584 13512 1  -1 608319  135000   140000   415380931
Sun Apr 01 22:36:38 MSK 2018 false 41621318 13511 1  -1 103481  147500   150000   389338540
Sun Apr 01 22:36:38 MSK 2018 false 41621330 13511 1  -1 103481  147500   150000   414179540
Sun Apr 01 22:36:40 MSK 2018 false 41621303 13511 1  -1 103481  147500   150000   383854178
Sun Apr 01 22:36:40 MSK 2018 false 41621268 13511 1  -1 103481  147500   150000   390234178
Sun Apr 01 22:36:40 MSK 2018 false 41621261 13511 1  -1 103481  147500   150000   391542178
Sun Apr 01 22:36:40 MSK 2018 false 41621289 13511 1  -1 103481  147500   150000   392152178
Sun Apr 01 22:36:40 MSK 2018 false 41621259 13511 1  -1 103481  147500   150000   402235178
Sun Apr 01 22:36:40 MSK 2018 false 41621297 13511 1  -1 103481  147500   150000   407140178
Sun Apr 01 22:36:40 MSK 2018 false 41621266 13511 1  -1 103481  147500   150000   407238178
Sun Apr 01 22:36:40 MSK 2018 false 41621264 13511 1  -1 103481  147500   150000   411893178
Sun Apr 01 22:36:40 MSK 2018 false 41621198 13512 1  -1 608319  135000   140000   390798178
Sun Apr 01 22:36:40 MSK 2018 false 41621200 25843 1  0  621979  102000   109590   383714178
Sun Apr 01 22:36:40 MSK 2018 false 41621209 25843 1  0  621979  102000   109590   385935178
Sun Apr 01 22:36:40 MSK 2018 false 41621231 25843 1  0  621979  102000   109590   395812178
Sun Apr 01 22:36:40 MSK 2018 false 41621205 25843 1  0  621979  102000   109590   397042178
Sun Apr 01 22:36:40 MSK 2018 false 41621233 25843 1  0  621979  102000   109590   397724178
Sun Apr 01 22:36:41 MSK 2018 false 41620997 13512 1  -1 103481  137500   149900   382976799
Sun Apr 01 22:36:41 MSK 2018 false 41620988 13512 1  -1 103481  137500   149900   383351799
Sun Apr 01 22:36:41 MSK 2018 false 41620978 13512 1  -1 103481  137500   149900   384352799
Sun Apr 01 22:36:41 MSK 2018 false 41621003 13512 1  -1 103481  137500   149900   387507799
Sun Apr 01 22:36:41 MSK 2018 false 41621014 13512 1  -1 103481  137500   149900   388316799
Sun Apr 01 22:36:41 MSK 2018 false 41621008 13512 1  -1 103481  137500   149900   396649799
Sun Apr 01 22:36:41 MSK 2018 false 41620985 13512 1  -1 103481  137500   149900   398062799
Sun Apr 01 22:36:41 MSK 2018 false 41620981 13512 1  -1 103481  137500   149900   406453799
Sun Apr 01 22:36:43 MSK 2018 false 41620971 13512 1  -1 103481  137500   149900   392303390
Sun Apr 01 22:36:43 MSK 2018 false 41620968 13512 1  -1 103481  137500   149900   394307390
Sun Apr 01 22:36:43 MSK 2018 false 41620954 13512 1  -1 103481  137500   149900   400675390
Sun Apr 01 22:36:43 MSK 2018 false 41620957 13512 1  -1 103481  137500   149900   405447390
Sun Apr 01 22:36:45 MSK 2018 false 41620805 24272 1  0  20128   426000   428900   423877151
Sun Apr 01 22:36:45 MSK 2018 false 41620798 24272 1  0  20128   426000   428900   449423151
Sun Apr 01 22:37:14 MSK 2018 false 41616278 25867 1  0  1174985 895000   900000   429633117
Sun Apr 01 22:37:15 MSK 2018 false 41616053 22573 1  -1 1120903 4639     5421     448351691
Sun Apr 01 22:37:17 MSK 2018 false 41615603 23099 1  0  1120903 22516    26684    459147305
Sun Apr 01 22:37:23 MSK 2018 false 41614196 15086 1  0  1029337 39731    55000    418231741
Sun Apr 01 22:37:23 MSK 2018 false 41614205 15086 1  0  1029337 39731    55000    453008741
Sun Apr 01 22:37:25 MSK 2018 false 41613848 23077 1  0  207369  10150    10225    449371389
Sun Apr 01 22:37:31 MSK 2018 false 41613239 7931  1  0  1223188 30000    32500    449273785
Sun Apr 01 22:37:31 MSK 2018 false 41613228 7931  1  0  1223188 30000    32500    455239785
Sun Apr 01 22:37:49 MSK 2018 false 41610944 12360 1  0  505084  38300    38300    436048498
Sun Apr 01 22:37:49 MSK 2018 false 41610997 12360 1  0  505084  38300    38300    454438498
Sun Apr 01 22:37:59 MSK 2018 false 41609266 24272 1  0  1088830 429999   429999   428280152
Sun Apr 01 22:37:59 MSK 2018 false 41609252 24272 1  0  1088830 429999   429999   433070152
Sun Apr 01 22:37:59 MSK 2018 false 41609259 24272 1  0  1088830 429999   429999   444965152
Sun Apr 01 22:37:59 MSK 2018 false 41609115 12360 1  0  527002  36000    38500    426935152
Sun Apr 01 22:37:59 MSK 2018 false 41609380 7972  1  0  1088881 600      640      438618152
Sun Apr 01 22:38:04 MSK 2018 false 41608470 12360 1  0  527002  36000    38500    460874984
Sun Apr 01 22:38:05 MSK 2018 false 41607958 10938 1  -1 952050  5000     6500     456126596
Sun Apr 01 22:38:05 MSK 2018 false 41607907 11137 1  0  1092030 8042     9002     442921596
Sun Apr 01 22:38:05 MSK 2018 false 41607904 11137 1  0  1092030 8042     9002     460137596
Sun Apr 01 22:38:10 MSK 2018 false 41607053 34220 1  0  252919  1507700  1507700  385105383
Sun Apr 01 22:38:10 MSK 2018 false 41607058 34220 1  0  252919  1507700  1507700  396468383
Sun Apr 01 22:38:12 MSK 2018 false 41606887 23742 1  0  1108476 54500    58000    459929002
Sun Apr 01 22:38:12 MSK 2018 false 41606820 2452  1  0  1231484 2500     5500     434223002
Sun Apr 01 22:38:28 MSK 2018 false 41605479 23804 1  -1 580401  116000   123000   419724068
Sun Apr 01 22:38:37 MSK 2018 false 41604203 31866 1  0  546188  68534    69899    389968709
Sun Apr 01 22:38:37 MSK 2018 false 41604218 31866 1  0  546188  68534    69899    394957709
Sun Apr 01 22:38:39 MSK 2018 false 41604178 34220 1  0  546188  1431681  1507999  393836350
Sun Apr 01 22:38:39 MSK 2018 false 41604183 31866 1  0  546188  68534    69899    414773350
Sun Apr 01 22:38:49 MSK 2018 false 41602848 7974  1  0  688152  496      496      419512970
Sun Apr 01 22:38:49 MSK 2018 false 41602849 7974  1  0  688152  496      496      425955970
Sun Apr 01 22:38:49 MSK 2018 false 41602845 7974  1  0  688152  496      496      431055970
Sun Apr 01 22:38:49 MSK 2018 false 41602843 7974  1  0  688152  496      496      440399970
Sun Apr 01 22:38:52 MSK 2018 false 41602285 14344 1  0  3489    38999    48700    441695168
Sun Apr 01 22:39:00 MSK 2018 false 41601012 11137 1  0  1181899 9400     9975     441439194
Sun Apr 01 22:39:00 MSK 2018 false 41601015 11137 1  0  1181899 9400     9975     461238194
Sun Apr 01 22:39:01 MSK 2018 false 41600719 24039 1  0  1043252 40000    43300    423503777
Sun Apr 01 22:39:13 MSK 2018 false 41598245 8839  1  0  1186720 988      1235     423524064
Sun Apr 01 22:39:17 MSK 2018 false 41597325 23804 1  -1 1013379 130000   130000   413155903
Sun Apr 01 22:39:19 MSK 2018 false 41597115 34220 1  0  872233  1500101  1508299  392824515
Sun Apr 01 22:39:22 MSK 2018 false 41596652 23112 1  0  1207714 17000    18500    418680724
Sun Apr 01 22:39:22 MSK 2018 false 41596648 23112 1  0  1207714 17000    18500    428241724
Sun Apr 01 22:39:22 MSK 2018 false 41596650 23112 1  0  1207714 17000    18500    459286724
Sun Apr 01 22:39:24 MSK 2018 false 41596644 23112 1  0  1207714 17000    18500    430925330
Sun Apr 01 22:39:24 MSK 2018 false 41596637 23112 1  0  1207714 17000    18500    431390330
Sun Apr 01 22:39:24 MSK 2018 false 41596642 23112 1  0  1207714 17000    18500    447926330
Sun Apr 01 22:39:24 MSK 2018 false 41596634 23112 1  0  1207714 17000    18500    450036330
Sun Apr 01 22:39:24 MSK 2018 false 41596640 23112 1  0  1207714 17000    18500    453639330
Sun Apr 01 22:39:32 MSK 2018 false 41595702 7972  1  0  756216  610      650      418532390
Sun Apr 01 22:39:32 MSK 2018 false 41595706 7972  1  0  756216  610      650      422406390
Sun Apr 01 22:39:32 MSK 2018 false 41595703 7972  1  0  756216  610      650      423695390
Sun Apr 01 22:39:32 MSK 2018 false 41595698 7972  1  0  756216  610      650      439671390
Sun Apr 01 22:39:32 MSK 2018 false 41595700 7972  1  0  756216  610      650      452831390
Sun Apr 01 22:39:32 MSK 2018 false 41595696 7972  1  0  756216  610      650      454452390
Sun Apr 01 22:39:35 MSK 2018 false 41595223 34220 1  0  299187  1358998  1509999  408415627
Sun Apr 01 22:39:40 MSK 2018 false 41594635 12360 1  0  872233  38800    38950    391905438
Sun Apr 01 22:39:42 MSK 2018 false 41594024 31866 1  0  546188  68534    69899    383609042
Sun Apr 01 22:39:42 MSK 2018 false 41594331 31866 1  0  546188  68534    69899    414285042
Sun Apr 01 22:40:14 MSK 2018 false 41589527 23804 1  -1 634521  126400   130420   396951197
Sun Apr 01 22:40:20 MSK 2018 false 41588451 7971  1  0  1162209 41500    42250    423672821
Sun Apr 01 22:40:25 MSK 2018 false 41588133 7971  1  0  1108562 49000    49900    414487615
Sun Apr 01 22:40:28 MSK 2018 false 41587217 13466 1  0  309160  1975     2000     418987895
Sun Apr 01 22:40:49 MSK 2018 false 41583522 7931  1  0  1225431 32500    34500    419114717
Sun Apr 01 22:40:49 MSK 2018 false 41583512 7931  1  0  1225431 32500    34500    423154717
Sun Apr 01 22:40:49 MSK 2018 false 41583517 7931  1  0  1225431 32500    34500    426902717
Sun Apr 01 22:40:49 MSK 2018 false 41583511 7931  1  0  1225431 32500    34500    440039717
Sun Apr 01 22:40:49 MSK 2018 false 41583509 7931  1  0  1225431 32500    34500    440575717
Sun Apr 01 22:40:49 MSK 2018 false 41583523 7931  1  0  1225431 32500    34500    451050717
Sun Apr 01 22:40:49 MSK 2018 false 41583524 7931  1  0  1225431 32500    34500    456289717
Sun Apr 01 22:41:13 MSK 2018 false 41578660 23804 1  -1 1140103 130000   140000   446828854
Sun Apr 01 22:41:13 MSK 2018 false 41578385 7971  1  0  1033659 51500    57000    454122854
Sun Apr 01 22:41:15 MSK 2018 false 41578200 23804 1  -1 787686  140000   150000   444363480
Sun Apr 01 22:41:15 MSK 2018 false 41577955 23804 1  -1 816242  150000   150000   412732480
Sun Apr 01 22:41:17 MSK 2018 false 41577727 29528 1  -50 1102339 65000    69000    427108076
Sun Apr 01 22:41:17 MSK 2018 false 41577723 29528 1  -50 1102339 65000    69000    432047076
Sun Apr 01 22:41:17 MSK 2018 false 41577722 29528 1  -50 1102339 65000    69000    460796076
Sun Apr 01 22:41:18 MSK 2018 false 41577646 29528 1  -50 1102339 65000    69000    423223684
Sun Apr 01 22:41:18 MSK 2018 false 41577648 29528 1  -50 1102339 65000    69000    423435684
Sun Apr 01 22:41:18 MSK 2018 false 41577645 29528 1  -50 1102339 65000    69000    435791684
Sun Apr 01 22:41:18 MSK 2018 false 41577653 29528 1  -50 1102339 65000    69000    440249684
Sun Apr 01 22:41:18 MSK 2018 false 41577622 29528 1  -50 1102339 65000    69000    440336684
Sun Apr 01 22:41:18 MSK 2018 false 41577631 29528 1  -50 1102339 65000    69000    442165684
Sun Apr 01 22:41:18 MSK 2018 false 41577629 29528 1  -50 1102339 65000    69000    447748684
Sun Apr 01 22:41:22 MSK 2018 false 41576722 2453  1  0  1231579 64       69       403902887
Sun Apr 01 22:41:23 MSK 2018 false 41576353 29528 1  -50 1230188 65500    69500    456095532
Sun Apr 01 22:41:23 MSK 2018 false 41576473 17056 1  0  1240251 690      699      420623532
Sun Apr 01 22:41:23 MSK 2018 false 41576464 17056 1  0  1240251 690      699      432231532
Sun Apr 01 22:41:23 MSK 2018 false 41576428 17056 1  0  1240251 690      699      437448532
Sun Apr 01 22:41:23 MSK 2018 false 41576337 17056 1  0  1240251 690      699      442278532
Sun Apr 01 22:41:23 MSK 2018 false 41576438 17056 1  0  1240251 690      699      444035532
Sun Apr 01 22:41:23 MSK 2018 false 41576449 17056 1  0  1240251 690      699      456241532
Sun Apr 01 22:41:31 MSK 2018 false 41575326 25843 1  0  1188060 97730    109899   426014608
Sun Apr 01 22:41:34 MSK 2018 false 41574783 23742 1  0  1233985 47120    58900    450197947
Sun Apr 01 22:41:36 MSK 2018 false 41574740 23742 1  0  1233985 47120    58900    420682507
Sun Apr 01 22:41:36 MSK 2018 false 41574764 23742 1  0  1233985 47120    58900    422113507
Sun Apr 01 22:41:36 MSK 2018 false 41574725 23742 1  0  1233985 47120    58900    422536507
Sun Apr 01 22:41:36 MSK 2018 false 41574747 23742 1  0  1233985 47120    58900    423505507
Sun Apr 01 22:41:36 MSK 2018 false 41574686 23742 1  0  1233985 47120    58900    424397507
Sun Apr 01 22:41:36 MSK 2018 false 41574767 23742 1  0  1233985 47120    58900    428124507
Sun Apr 01 22:41:36 MSK 2018 false 41574713 23742 1  0  1233985 47120    58900    428776507
Sun Apr 01 22:41:36 MSK 2018 false 41574734 23742 1  0  1233985 47120    58900    436818507
Sun Apr 01 22:41:36 MSK 2018 false 41574660 23742 1  0  1233985 47120    58900    436934507
Sun Apr 01 22:41:36 MSK 2018 false 41574762 23742 1  0  1233985 47120    58900    437258507
Sun Apr 01 22:41:36 MSK 2018 false 41574606 23742 1  0  1233985 47120    58900    439358507
Sun Apr 01 22:41:36 MSK 2018 false 41574656 23742 1  0  1233985 47120    58900    440664507
Sun Apr 01 22:41:36 MSK 2018 false 41574674 23742 1  0  1233985 47120    58900    441277507
Sun Apr 01 22:41:36 MSK 2018 false 41574744 23742 1  0  1233985 47120    58900    448435507
Sun Apr 01 22:41:36 MSK 2018 false 41574758 23742 1  0  1233985 47120    58900    448691507
Sun Apr 01 22:41:36 MSK 2018 false 41574616 23742 1  0  1233985 47120    58900    450650507
Sun Apr 01 22:41:36 MSK 2018 false 41574750 23742 1  0  1233985 47120    58900    456526507
Sun Apr 01 22:41:43 MSK 2018 false 41573175 34220 1  0  918424  1505000  1510000  456557923
Sun Apr 01 22:41:51 MSK 2018 false 41572376 25843 1  0  1143677 102000   109900   437490006
Sun Apr 01 22:42:15 MSK 2018 false 41567796 765   1  0  1238109 31       32       456677364
Sun Apr 01 22:42:17 MSK 2018 false 41567691 8845  1  0  1199719 3062     7000     452922076
Sun Apr 01 22:42:21 MSK 2018 false 41566628 23112 1  0  1207714 17000    18500    423254812
Sun Apr 01 22:42:21 MSK 2018 false 41566630 23112 1  0  1207714 17000    18500    426967812
Sun Apr 01 22:42:21 MSK 2018 false 41566627 23112 1  0  1207714 17000    18500    430801812
Sun Apr 01 22:42:21 MSK 2018 false 41566629 23112 1  0  1207714 17000    18500    433501812
Sun Apr 01 22:42:23 MSK 2018 false 41628789 13512 1  -1 103481  127500   139700   387303433
Sun Apr 01 22:42:23 MSK 2018 false 41628781 13512 1  -1 103481  127500   139700   390225433
Sun Apr 01 22:42:23 MSK 2018 false 41628802 13512 1  -1 103481  127500   139700   391802433
Sun Apr 01 22:42:23 MSK 2018 false 41628808 13512 1  -1 103481  127500   139700   394195433
Sun Apr 01 22:42:23 MSK 2018 false 41628797 13512 1  -1 103481  127500   139700   400152433
Sun Apr 01 22:42:23 MSK 2018 false 41628799 13512 1  -1 103481  127500   139700   408910433
Sun Apr 01 22:42:23 MSK 2018 false 41628794 13512 1  -1 103481  127500   139700   411461433
Sun Apr 01 22:42:23 MSK 2018 false 41628801 13512 1  -1 103481  127500   139700   413835433
Sun Apr 01 22:42:26 MSK 2018 false 41566370 29528 1  -50 1038350 67500    70000    377642660
Sun Apr 01 22:42:26 MSK 2018 false 41566373 29528 1  -50 1038350 67500    70000    381168660
Sun Apr 01 22:42:29 MSK 2018 false 41628440 31866 1  0  419955  65000    69893    390746878
Sun Apr 01 22:42:29 MSK 2018 false 41628443 31866 1  0  419955  65000    69893    412098878
Sun Apr 01 22:42:29 MSK 2018 false 41628439 31866 1  0  419955  65000    69893    412161878
Sun Apr 01 22:42:29 MSK 2018 false 41628444 31866 1  0  419955  65000    69893    414872878
Sun Apr 01 22:42:29 MSK 2018 false 41628442 31866 1  0  419955  65000    69893    417948878
Sun Apr 01 22:42:31 MSK 2018 false 41628421 29160 1  0  1064838 53687    60000    437406501
Sun Apr 01 22:42:33 MSK 2018 false 41628290 31079 1  0  119296  69998    69999    408511057
Sun Apr 01 22:42:38 MSK 2018 false 41565610 20725 1  0  1004367 69500    74000    455715926
Sun Apr 01 22:42:38 MSK 2018 false 41627682 21855 1  0  1179173 45136    50000    451355926
Sun Apr 01 22:42:38 MSK 2018 false 41565609 7378  1  0  1060078 20000    20000    458396926
Sun Apr 01 22:42:38 MSK 2018 false 41627841 22573 1  -1 881695  4900     5300     398013926
Sun Apr 01 22:42:38 MSK 2018 false 41627851 22573 1  -1 881695  4900     5300     406546926
Sun Apr 01 22:42:41 MSK 2018 false 41627502 22792 1  0  1187142 21875    30000    437156099
Sun Apr 01 22:42:42 MSK 2018 false 41627263 23440 1  0  898368  95000    100000   440425747
Sun Apr 01 22:42:47 MSK 2018 false 41626690 17057 4  0  1224527 100      200      438690545
Sun Apr 01 22:42:52 MSK 2018 false 41562910 20725 1  0  5356    74500    74500    401380386
Sun Apr 01 22:42:52 MSK 2018 false 41562911 20725 1  0  5356    74500    74500    405304386
Sun Apr 01 22:43:05 MSK 2018 false 41561345 7378  1  0  1060078 20000    20000    415016239
Sun Apr 01 22:43:06 MSK 2018 false 41561323 7972  1  0  584747  620      660      387492842
Sun Apr 01 22:43:13 MSK 2018 false 41622524 13512 1  -1 608319  135000   140000   384489330
Sun Apr 01 22:43:14 MSK 2018 false 41622368 13512 1  -1 608319  135000   140000   385663892
Sun Apr 01 22:43:14 MSK 2018 false 41622313 13512 1  -1 608319  135000   140000   392167892
Sun Apr 01 22:43:14 MSK 2018 false 41622359 13512 1  -1 608319  135000   140000   393275892
Sun Apr 01 22:43:14 MSK 2018 false 41622334 13512 1  -1 608319  135000   140000   396045892
Sun Apr 01 22:43:14 MSK 2018 false 41622342 13512 1  -1 608319  135000   140000   400279892
Sun Apr 01 22:43:14 MSK 2018 false 41622346 13512 1  -1 608319  135000   140000   411009892
Sun Apr 01 22:43:18 MSK 2018 false 41621983 13511 1  -1 608319  145000   149900   404027122
Sun Apr 01 22:43:18 MSK 2018 false 41621979 13511 1  -1 608319  145000   149900   414483122
Sun Apr 01 22:43:19 MSK 2018 false 41621891 20725 1  0  954387  70100    73500    431777692
Sun Apr 01 22:43:19 MSK 2018 false 41621923 13511 1  -1 608319  145000   149900   391639692
Sun Apr 01 22:43:19 MSK 2018 false 41621916 13511 1  -1 608319  145000   149900   391729692
Sun Apr 01 22:43:19 MSK 2018 false 41621830 13511 1  -1 608319  145000   149900   393479692
Sun Apr 01 22:43:19 MSK 2018 false 41621926 13511 1  -1 608319  145000   149900   414071692
Sun Apr 01 22:43:21 MSK 2018 false 41621791 13511 1  -1 608319  145000   149900   415165316
Sun Apr 01 22:43:21 MSK 2018 false 41621811 13511 1  -1 608319  145000   149900   417242316
Sun Apr 01 22:43:21 MSK 2018 false 41621547 13512 1  -1 608319  135000   140000   386361316
Sun Apr 01 22:43:21 MSK 2018 false 41621599 13512 1  -1 608319  135000   140000   390238316
Sun Apr 01 22:43:21 MSK 2018 false 41621714 13512 1  -1 608319  135000   140000   390289316
Sun Apr 01 22:43:21 MSK 2018 false 41621749 13512 1  -1 608319  135000   140000   392587316
Sun Apr 01 22:43:21 MSK 2018 false 41621759 13512 1  -1 608319  135000   140000   394622316
Sun Apr 01 22:43:21 MSK 2018 false 41621608 13512 1  -1 608319  135000   140000   403394316
Sun Apr 01 22:43:21 MSK 2018 false 41621538 13512 1  -1 608319  135000   140000   407323316
Sun Apr 01 22:43:21 MSK 2018 false 41621575 13512 1  -1 608319  135000   140000   409604316
Sun Apr 01 22:43:21 MSK 2018 false 41621544 13512 1  -1 608319  135000   140000   411192316
Sun Apr 01 22:43:21 MSK 2018 false 41621764 13512 1  -1 608319  135000   140000   414007316
Sun Apr 01 22:43:24 MSK 2018 false 41621262 13511 1  -1 103481  147500   150000   396507552
Sun Apr 01 22:43:24 MSK 2018 false 41621280 13511 1  -1 103481  147500   150000   397036552
Sun Apr 01 22:43:24 MSK 2018 false 41621271 13511 1  -1 103481  147500   150000   400474552
Sun Apr 01 22:43:26 MSK 2018 false 41621191 13512 1  -1 608319  135000   140000   382584154
Sun Apr 01 22:43:26 MSK 2018 false 41621166 13512 1  -1 608319  135000   140000   387047154
Sun Apr 01 22:43:26 MSK 2018 false 41621194 13512 1  -1 608319  135000   140000   402315154
Sun Apr 01 22:43:26 MSK 2018 false 41621201 13512 1  -1 608319  135000   140000   408179154
Sun Apr 01 22:43:26 MSK 2018 false 41621229 25843 1  0  621979  102000   109590   390449154
Sun Apr 01 22:43:26 MSK 2018 false 41621197 25843 1  0  621979  102000   109590   398084154
Sun Apr 01 22:43:26 MSK 2018 false 41621224 25843 1  0  621979  102000   109590   402519154
Sun Apr 01 22:43:26 MSK 2018 false 41621226 25843 1  0  621979  102000   109590   414891154
Sun Apr 01 22:43:27 MSK 2018 false 41620963 13512 1  -1 103481  137500   149900   393404747
Sun Apr 01 22:43:27 MSK 2018 false 41621001 13512 1  -1 103481  137500   149900   414207747
Sun Apr 01 22:43:27 MSK 2018 false 41620992 13512 1  -1 103481  137500   149900   415981747
Sun Apr 01 22:43:39 MSK 2018 false 41619932 23112 1  0  1202487 13750    14400    457473995
Sun Apr 01 22:43:42 MSK 2018 false 41619818 23077 1  0  1202487 3750     10000    444281212
Sun Apr 01 22:43:53 MSK 2018 false 41556070 8845  1  0  981421  4562     7500     419387548
Sun Apr 01 22:44:01 MSK 2018 false 41554377 23112 1  0  1207714 17000    18500    385845557
Sun Apr 01 22:44:01 MSK 2018 false 41554380 23112 1  0  1207714 17000    18500    388974557
Sun Apr 01 22:44:01 MSK 2018 false 41554382 23112 1  0  1207714 17000    18500    401893557
Sun Apr 01 22:44:01 MSK 2018 false 41554366 23112 1  0  1207714 17000    18500    402636557
Sun Apr 01 22:44:01 MSK 2018 false 41554381 23112 1  0  1207714 17000    18500    403605557
Sun Apr 01 22:44:01 MSK 2018 false 41554376 23112 1  0  1207714 17000    18500    415623557
Sun Apr 01 22:44:01 MSK 2018 false 41554367 23112 1  0  1207714 17000    18500    416365557
Sun Apr 01 22:44:03 MSK 2018 false 41554362 23112 1  0  1207714 17000    18500    392956162
Sun Apr 01 22:44:03 MSK 2018 false 41554352 23112 1  0  1207714 17000    18500    393601162
Sun Apr 01 22:44:03 MSK 2018 false 41554346 23112 1  0  1207714 17000    18500    398250162
Sun Apr 01 22:44:03 MSK 2018 false 41554359 23112 1  0  1207714 17000    18500    407851162
Sun Apr 01 22:44:03 MSK 2018 false 41554363 23112 1  0  1207714 17000    18500    407931162
Sun Apr 01 22:44:03 MSK 2018 false 41554351 23112 1  0  1207714 17000    18500    408317162
Sun Apr 01 22:44:03 MSK 2018 false 41554358 23112 1  0  1207714 17000    18500    410163162
Sun Apr 01 22:44:03 MSK 2018 false 41554350 23112 1  0  1207714 17000    18500    411301162
Sun Apr 01 22:44:03 MSK 2018 false 41554354 23112 1  0  1207714 17000    18500    417869162
Sun Apr 01 22:44:03 MSK 2018 false 41554357 23112 1  0  1207714 17000    18500    418414162
Sun Apr 01 22:44:04 MSK 2018 false 41616267 25867 1  0  1174985 895000   900000   438793744
Sun Apr 01 22:44:14 MSK 2018 false 41614214 15086 1  0  1029337 39731    55000    442288403
Sun Apr 01 22:44:22 MSK 2018 false 41612725 14344 1  0  126822  45500    48500    448219480
Sun Apr 01 22:44:22 MSK 2018 false 41612719 14344 1  0  126822  45500    48500    450927480
Sun Apr 01 22:44:22 MSK 2018 false 41612724 14344 1  0  126822  45500    48500    452874480
Sun Apr 01 22:44:22 MSK 2018 false 41612730 14344 1  0  126822  45500    48500    453613480
Sun Apr 01 22:44:22 MSK 2018 false 41612722 14344 1  0  126822  45500    48500    454580480
Sun Apr 01 22:44:22 MSK 2018 false 41612717 14344 1  0  126822  45500    48500    458981480
Sun Apr 01 22:44:51 MSK 2018 false 41606891 23742 1  0  1108476 54500    58000    457848506
Sun Apr 01 22:44:59 MSK 2018 false 41605517 23804 1  -1 580401  116000   123000   461647561
Sun Apr 01 22:45:01 MSK 2018 false 41605371 23112 1  0  1206255 13750    18000    418782169
Sun Apr 01 22:45:01 MSK 2018 false 41605372 23112 1  0  1206255 13750    18000    441965169
Sun Apr 01 22:45:06 MSK 2018 false 41604268 23804 1  -1 1194840 102500   123500   397804986
Sun Apr 01 22:45:06 MSK 2018 false 41604195 31866 1  0  546188  68534    69899    387154986
Sun Apr 01 22:45:06 MSK 2018 false 41542040 17056 1  0  1246772 699      699      386393986
Sun Apr 01 22:45:06 MSK 2018 false 41542093 17056 1  0  1246772 699      699      387858986
Sun Apr 01 22:45:06 MSK 2018 false 41542048 17056 1  0  1246772 699      699      398954986
Sun Apr 01 22:45:06 MSK 2018 false 41542104 17056 1  0  1246772 699      699      400944986
Sun Apr 01 22:45:06 MSK 2018 false 41542087 17056 1  0  1246772 699      699      411981986
Sun Apr 01 22:45:06 MSK 2018 false 41542097 17056 1  0  1246772 699      699      415686986
Sun Apr 01 22:45:06 MSK 2018 false 41542035 17056 1  0  1246772 699      699      417555986
Sun Apr 01 22:45:06 MSK 2018 false 41542101 17056 1  0  1246772 699      699      417728986
Sun Apr 01 22:45:20 MSK 2018 false 41601971 23112 1  0  1152219 12540    15675    423051404
Sun Apr 01 22:45:33 MSK 2018 false 41600203 34220 1  0  86221   1500000  1508000  387150304
Sun Apr 01 22:45:43 MSK 2018 false 41596815 23077 1  0  1207714 9300     9900     423082234
Sun Apr 01 22:45:43 MSK 2018 false 41596840 23077 1  0  1207714 9300     9900     444244234
Sun Apr 01 22:45:43 MSK 2018 false 41596838 23077 1  0  1207714 9300     9900     446390234
Sun Apr 01 22:45:51 MSK 2018 false 41592587 8170  1  0  1177602 5000     7000     459226302
Sun Apr 01 22:45:59 MSK 2018 false 41589709 10938 1  -1 1248064 3068     7086     397061269
Sun Apr 01 22:46:02 MSK 2018 false 41589323 28279 1  -1 1033659 305000   400000   461403487
Sun Apr 01 22:46:23 MSK 2018 false 41583519 7931  1  0  1225431 32500    34500    432405451
Sun Apr 01 22:46:23 MSK 2018 false 41583515 7931  1  0  1225431 32500    34500    433079451
Sun Apr 01 22:46:23 MSK 2018 false 41583514 7931  1  0  1225431 32500    34500    460104451
Sun Apr 01 22:46:30 MSK 2018 false 41582072 31866 1  0  1205730 63750    69900    450034897
Sun Apr 01 22:46:30 MSK 2018 false 41582078 31866 1  0  1205730 63750    69900    458343897
Sun Apr 01 22:46:34 MSK 2018 false 41518344 2934  1  0  1033746 20       26       421439741
Sun Apr 01 22:46:39 MSK 2018 false 41577720 29528 1  -50 1102339 65000    69000    423020500
Sun Apr 01 22:46:54 MSK 2018 false 41625016 8839  1  0  1200280 1090     1160     437719009
Sun Apr 01 22:46:55 MSK 2018 false 41497656 13466 1  0  1204080 2091     2543     436361622
Sun Apr 01 22:46:58 MSK 2018 false 41621872 20725 1  0  954387  70100    73500    439542794
Sun Apr 01 22:46:58 MSK 2018 false 41621951 13511 1  -1 608319  145000   149900   389381794
Sun Apr 01 22:46:58 MSK 2018 false 41621533 13512 1  -1 608319  135000   140000   391205794
Sun Apr 01 22:47:13 MSK 2018 false 41612729 14344 1  0  126822  45500    48500    421442295
Sun Apr 01 22:47:21 MSK 2018 false 41621270 13511 1  -1 103481  147500   150000   392086331
Sun Apr 01 22:47:31 MSK 2018 false 41598341 23804 1  -1 1163531 120000   130000   403458988
Sun Apr 01 22:47:31 MSK 2018 false 41628446 31866 1  0  419955  65000    69893    395976988
Sun Apr 01 22:47:37 MSK 2018 false 41592604 8170  1  0  1177602 5000     7000     422333420
Sun Apr 01 22:47:39 MSK 2018 false 41621577 13512 1  -1 608319  135000   140000   394763013
Sun Apr 01 22:47:39 MSK 2018 false 41621689 13512 1  -1 608319  135000   140000   407601013
Sun Apr 01 22:47:39 MSK 2018 false 41592599 8170  1  0  1177602 5000     7000     430458013
Sun Apr 01 22:47:43 MSK 2018 false 41616273 25867 1  0  1174985 895000   900000   441261834
Sun Apr 01 22:47:43 MSK 2018 false 41554349 23112 1  0  1207714 17000    18500    384993834
Sun Apr 01 22:47:47 MSK 2018 false 41552020 7931  1  0  974542  34932    35000    438262034
Sun Apr 01 22:47:51 MSK 2018 false 41613217 7931  1  0  1223188 30000    32500    430865993
Sun Apr 01 22:47:52 MSK 2018 false 41535302 27682 1  0  1201281 470      510      410804622
Sun Apr 01 22:48:00 MSK 2018 false 41628448 31866 1  0  419955  65000    69893    386205659
Sun Apr 01 22:48:03 MSK 2018 false 41554348 23112 1  0  1207714 17000    18500    384999840
Sun Apr 01 22:48:11 MSK 2018 false 41614222 15086 1  0  1029337 39731    55000    433153879
Sun Apr 01 22:48:15 MSK 2018 false 41613209 7931  1  0  1223188 30000    32500    445374101
Sun Apr 01 22:48:15 MSK 2018 false 41621520 13512 1  -1 608319  135000   140000   395300101
Sun Apr 01 22:48:20 MSK 2018 false 41622026 13511 1  -1 608319  145000   149900   413469887
Sun Apr 01 22:48:24 MSK 2018 false 41616310 21767 1  0  500848  22562    30000    444524795
Sun Apr 01 22:48:24 MSK 2018 false 41577729 29528 1  -50 1102339 65000    69000    430177795
Sun Apr 01 22:48:26 MSK 2018 false 41622520 13512 1  -1 608319  135000   140000   383264386
Sun Apr 01 22:48:29 MSK 2018 false 41627791 31866 1  0  546188  68529    69894    394727548
Sun Apr 01 22:48:29 MSK 2018 false 41622416 13512 1  -1 608319  135000   140000   408776548
Sun Apr 01 22:48:31 MSK 2018 false 41595221 34220 1  0  299187  1358998  1509999  387805184
Sun Apr 01 22:48:42 MSK 2018 false 41622010 13511 1  -1 608319  145000   149900   384258482
Sun Apr 01 22:48:42 MSK 2018 false 41622439 13512 1  -1 608319  135000   140000   416635482
Sun Apr 01 22:48:52 MSK 2018 false 41554374 23112 1  0  1207714 17000    18500    398404150
Sun Apr 01 22:49:01 MSK 2018 false 41621841 13511 1  -1 608319  145000   149900   390971739
Sun Apr 01 22:49:03 MSK 2018 false 41612723 14344 1  0  126822  45500    48500    447338346
Sun Apr 01 22:49:05 MSK 2018 false 41612726 14344 1  0  126822  45500    48500    443172941
Sun Apr 01 22:49:09 MSK 2018 false 41622407 13512 1  -1 608319  135000   140000   390137739
Sun Apr 01 22:49:13 MSK 2018 false 41621223 13512 1  -1 608319  135000   140000   403390963
Sun Apr 01 22:49:14 MSK 2018 false 41505428 22793 1  0  1054995 2457     2500     419762591
Sun Apr 01 22:49:16 MSK 2018 false 41599988 24039 1  0  1194909 45500    48500    408302169
Sun Apr 01 22:49:21 MSK 2018 false 41622455 13512 1  -1 608319  135000   140000   390363010
Sun Apr 01 22:49:22 MSK 2018 false 41571264 4247  1  0  1199811 5700     7125     447691670
Sun Apr 01 22:49:24 MSK 2018 false 41627797 31866 1  0  546188  68529    69894    389334197
Sun Apr 01 22:49:25 MSK 2018 false 41554373 23112 1  0  1207714 17000    18500    410342841
Sun Apr 01 22:49:25 MSK 2018 false 41613885 17056 1  0  1236992 650      690      435347841
Sun Apr 01 22:49:29 MSK 2018 false 41621817 13511 1  -1 608319  145000   149900   410068003
Sun Apr 01 22:49:29 MSK 2018 false 41621311 13511 1  -1 103481  147500   150000   416396003
Sun Apr 01 22:49:29 MSK 2018 false 41621218 25843 1  0  621979  102000   109590   397110003
Sun Apr 01 22:49:30 MSK 2018 false 41621550 13512 1  -1 608319  135000   140000   386527668
Sun Apr 01 22:49:30 MSK 2018 false 41621596 13512 1  -1 608319  135000   140000   400692668
Sun Apr 01 22:49:30 MSK 2018 false 41622504 13512 1  -1 608319  135000   140000   403467668
Sun Apr 01 22:49:30 MSK 2018 false 41576405 17056 1  0  1240251 690      699      444320668
Sun Apr 01 22:49:38 MSK 2018 false 41602276 14344 1  0  3489    38999    48700    433142692
Sun Apr 01 22:49:38 MSK 2018 false 41601014 11137 1  0  1181899 9400     9975     446057692
Sun Apr 01 22:49:40 MSK 2018 false 41621529 13512 1  -1 608319  135000   140000   402445327
Sun Apr 01 22:49:40 MSK 2018 false 41620238 2836  1  0  1246187 4000     5000     437614327
Sun Apr 01 22:49:42 MSK 2018 false 41621849 13511 1  -1 608319  145000   149900   383509874
Sun Apr 01 22:49:43 MSK 2018 false 41628103 22449 1  0  1031997 200000   205000   429427497
Sun Apr 01 22:49:43 MSK 2018 false 41627751 21855 1  0  1179173 45136    50000    421698497
Sun Apr 01 22:49:46 MSK 2018 false 41566631 23112 1  0  1207714 17000    18500    419625722
Sun Apr 01 22:49:50 MSK 2018 false 41630208 31297 1  0  192547  449000   449000   402023146
Sun Apr 01 22:49:58 MSK 2018 false 41602438 14344 1  0  3489    38999    48700    450210172
Sun Apr 01 22:49:59 MSK 2018 false 41540835 785   1  0  1170552 49       49       410374772
Sun Apr 01 22:50:08 MSK 2018 false 41576359 29528 1  -50 1230188 65500    69500    457805107
Sun Apr 01 22:50:22 MSK 2018 false 41583510 7931  1  0  1225431 32500    34500    423423592
Sun Apr 01 22:50:50 MSK 2018 false 41466788 20725 1  0  252919  74800    74800    436068900
Sun Apr 01 22:50:50 MSK 2018 false 41622309 13512 1  -1 608319  135000   140000   387018900
Sun Apr 01 22:51:02 MSK 2018 false 41595619 24477 1  0  1168895 100      100      447677749
Sun Apr 01 22:51:04 MSK 2018 false 41596649 23112 1  0  1207714 17000    18500    431214418
Sun Apr 01 22:51:06 MSK 2018 false 41627873 34220 1  0  546188  1431397  1507699  409088992
Sun Apr 01 22:51:17 MSK 2018 false 41602364 14344 1  0  3489    38999    48700    442108228
Sun Apr 01 22:51:23 MSK 2018 false 41607936 10939 1  -1 952050  10100    15000    439790632
Sun Apr 01 22:51:25 MSK 2018 false 41608617 23112 1  0  998697  14499    14499    421055288
Sun Apr 01 22:51:28 MSK 2018 false 41485885 22793 1  0  1189867 2450     2500     447209499
Sun Apr 01 22:51:33 MSK 2018 false 41612721 14344 1  0  126822  45500    48500    425047290
Sun Apr 01 22:51:33 MSK 2018 false 41612716 14344 1  0  126822  45500    48500    459292290
Sun Apr 01 22:51:36 MSK 2018 false 41552032 7931  1  0  974542  34932    35000    429277503
Sun Apr 01 22:51:36 MSK 2018 false 41552035 7931  1  0  974542  34932    35000    440175503
Sun Apr 01 22:51:36 MSK 2018 false 41552040 7931  1  0  974542  34932    35000    444670503
Sun Apr 01 22:51:44 MSK 2018 false 41616290 21767 1  0  500848  22562    30000    450897633
Sun Apr 01 22:51:44 MSK 2018 false 41554368 23112 1  0  1207714 17000    18500    384268633
Sun Apr 01 22:51:44 MSK 2018 false 41554356 23112 1  0  1207714 17000    18500    396472633
Sun Apr 01 22:51:44 MSK 2018 false 41554360 23112 1  0  1207714 17000    18500    417451633
Sun Apr 01 22:51:54 MSK 2018 false 41621279 13511 1  -1 103481  147500   150000   401304223
Sun Apr 01 22:51:54 MSK 2018 false 41621195 25843 1  0  621979  102000   109590   387088223
Sun Apr 01 22:51:55 MSK 2018 false 41621995 13511 1  -1 608319  145000   149900   400031851
Sun Apr 01 22:51:55 MSK 2018 false 41621931 13511 1  -1 608319  145000   149900   404426851
Sun Apr 01 22:51:55 MSK 2018 false 41621992 13511 1  -1 608319  145000   149900   416102851
Sun Apr 01 22:51:55 MSK 2018 false 41621581 13512 1  -1 608319  135000   140000   400089851
Sun Apr 01 22:51:57 MSK 2018 false 41622599 13512 1  -1 608319  135000   140000   391309438
Sun Apr 01 22:51:57 MSK 2018 false 41622356 13512 1  -1 608319  135000   140000   403492438
Sun Apr 01 22:51:57 MSK 2018 false 41622530 13512 1  -1 608319  135000   140000   413128438
Sun Apr 01 22:51:59 MSK 2018 false 41623189 22792 1  0  954511  32500    34500    441875063
Sun Apr 01 22:52:08 MSK 2018 false 41627876 34220 1  0  546188  1431397  1507699  404612693
Sun Apr 01 22:52:12 MSK 2018 false 41629290 23438 1  0  1216031 35000    40000    430057916
Sun Apr 01 22:52:15 MSK 2018 false 41505422 22793 1  0  1054995 2457     2500     423966121
Sun Apr 01 22:52:15 MSK 2018 false 41505417 22793 1  0  1054995 2457     2500     449100121
Sun Apr 01 22:52:15 MSK 2018 false 41505413 22793 1  0  1054995 2457     2500     460661121
Sun Apr 01 22:52:16 MSK 2018 false 41630209 31297 1  0  192547  449000   449000   414309722
Sun Apr 01 22:52:18 MSK 2018 false 41630710 7971  2  0  554013  53000    60000    432424343
Sun Apr 01 22:52:18 MSK 2018 false 41630545 13512 1  -1 103481  127500   139700   402104343
Sun Apr 01 22:53:20 MSK 2018 false 41630538 13512 1  -1 103481  127500   139700   401096550
Sun Apr 01 22:53:22 MSK 2018 false 41630516 13512 1  -1 103481  127500   139700   404824165
Sun Apr 01 22:53:22 MSK 2018 false 41630536 13512 1  -1 103481  127500   139700   412066165
Sun Apr 01 22:53:27 MSK 2018 false 41630212 21882 1  0  871809  7600     9500     450010943
Sun Apr 01 22:53:31 MSK 2018 false 41629648 7077  1  0  1161499 20100    20200    452723818
Sun Apr 01 22:57:26 MSK 2018 false 41596646 23112 1  0  1207714 17000    18500    440082639
Sun Apr 01 23:00:15 MSK 2018 false 41630715 31297 1  0  62868   419153   420000   447764598
Sun Apr 01 23:00:18 MSK 2018 false 41630267 23438 1  0  1224887 35000    40000    461522834
Sun Apr 01 23:00:26 MSK 2018 false 41566616 23112 1  0  1207714 17000    18500    424353870
Sun Apr 01 23:20:37 MSK 2018 false 41632856 11137 1  0  695872  9500     9500     424120896
Sun Apr 01 23:20:37 MSK 2018 false 41632851 11137 1  0  695872  9500     9500     428473896
Sun Apr 01 23:20:54 MSK 2018 false 41631497 25671 1  0  959311  52605    53000    441469365
Sun Apr 01 23:20:54 MSK 2018 false 41631501 25671 1  0  959311  52605    53000    460635365
Sun Apr 01 23:20:56 MSK 2018 false 41631431 2452  1  0  1244391 5000     5200     454521911
Sun Apr 01 23:20:57 MSK 2018 false 41631334 4339  1  0  1241680 9975     12000    428951545
Sun Apr 01 23:21:50 MSK 2018 false 41626148 29547 1  0  1182536 40000    40000    431612548
Sun Apr 01 23:22:58 MSK 2018 false 41616053 22573 1  -1 1120903 4639     5421     443487014
Sun Apr 01 23:23:01 MSK 2018 false 41615196 10978 7  0  563429  420      525      431086229
Sun Apr 01 23:23:10 MSK 2018 false 41613239 7931  1  0  1223188 30000    32500    423780854
Sun Apr 01 23:23:12 MSK 2018 false 41613228 7931  1  0  1223188 30000    32500    452187506
Sun Apr 01 23:23:43 MSK 2018 false 41607958 10938 1  -1 952050  5000     6500     440818960
Sun Apr 01 23:23:49 MSK 2018 false 41606820 2452  1  0  1231484 2500     5500     460190421
Sun Apr 01 23:24:26 MSK 2018 false 41602611 10938 1  -1 851856  7400     7900     394784294
Sun Apr 01 23:24:28 MSK 2018 false 41602285 14344 1  0  3489    38999    48700    444658923
Sun Apr 01 23:24:34 MSK 2018 false 41601012 11137 1  0  1181899 9400     9975     453878348
Sun Apr 01 23:24:36 MSK 2018 false 41600719 24039 1  0  1043252 40000    43300    435995961
Sun Apr 01 23:25:59 MSK 2018 false 41587217 13466 1  0  309160  1975     2000     421317369
Sun Apr 01 23:27:34 MSK 2018 false 41632861 11137 1  0  695872  9500     9500     462678324
Sun Apr 01 23:27:37 MSK 2018 false 41632217 3355  1  0  1240677 1132     1890     431957512
Sun Apr 01 23:27:44 MSK 2018 false 41631486 25671 1  0  959311  52605    53000    442810962
Sun Apr 01 23:27:53 MSK 2018 false 41567796 765   1  0  1238109 31       32       431071595
Sun Apr 01 23:27:55 MSK 2018 false 41567691 8845  1  0  1199719 3062     7000     386714172
Sun Apr 01 23:28:01 MSK 2018 false 41628290 31079 1  0  119296  69998    69999    415546639
Sun Apr 01 23:28:03 MSK 2018 false 41627851 22573 1  -1 881695  4900     5300     404951230
Sun Apr 01 23:28:03 MSK 2018 false 41627841 22573 1  -1 881695  4900     5300     418015230
Sun Apr 01 23:28:06 MSK 2018 false 41627502 22792 1  0  1187142 21875    30000    454693407
Sun Apr 01 23:28:11 MSK 2018 false 41626218 3355  1  0  1217197 2000     2200     427399227
Sun Apr 01 23:28:28 MSK 2018 false 41623503 10978 7  0  563429  420      525      439584894
Sun Apr 01 23:28:45 MSK 2018 false 41621271 13511 1  -1 103481  147500   150000   394202914
Sun Apr 01 23:29:10 MSK 2018 false 41556070 8845  1  0  981421  4562     7500     443955610
Sun Apr 01 23:29:39 MSK 2018 false 41612717 14344 1  0  126822  45500    48500    423943508
Sun Apr 01 23:29:39 MSK 2018 false 41612725 14344 1  0  126822  45500    48500    434788508
Sun Apr 01 23:29:39 MSK 2018 false 41612719 14344 1  0  126822  45500    48500    440620508
Sun Apr 01 23:29:39 MSK 2018 false 41612730 14344 1  0  126822  45500    48500    440626508
Sun Apr 01 23:29:39 MSK 2018 false 41612722 14344 1  0  126822  45500    48500    449038508
Sun Apr 01 23:29:39 MSK 2018 false 41612724 14344 1  0  126822  45500    48500    455704508
Sun Apr 01 23:31:04 MSK 2018 false 41592587 8170  1  0  1177602 5000     7000     462701540
Sun Apr 01 23:31:12 MSK 2018 false 41589709 10938 1  -1 1248064 3068     7086     388812582
Sun Apr 01 23:32:15 MSK 2018 false 41612729 14344 1  0  126822  45500    48500    432152235
Sun Apr 01 23:32:20 MSK 2018 false 41621270 13511 1  -1 103481  147500   150000   400479012
Sun Apr 01 23:32:37 MSK 2018 false 41592599 8170  1  0  1177602 5000     7000     434211610
Sun Apr 01 23:32:37 MSK 2018 false 41592604 8170  1  0  1177602 5000     7000     454704610
Sun Apr 01 23:32:48 MSK 2018 false 41613217 7931  1  0  1223188 30000    32500    427736887
Sun Apr 01 23:33:13 MSK 2018 false 41613209 7931  1  0  1223188 30000    32500    422419973
Sun Apr 01 23:33:59 MSK 2018 false 41633180 29547 1  0  103481  31875    42000    426160485
Sun Apr 01 23:34:12 MSK 2018 false 41631492 25671 1  0  959311  52605    53000    452632314
Sun Apr 01 23:34:12 MSK 2018 false 41505428 22793 1  0  1054995 2457     2500     433016314
Sun Apr 01 23:34:36 MSK 2018 false 41601014 11137 1  0  1181899 9400     9975     459864390
Sun Apr 01 23:34:38 MSK 2018 false 41620238 2836  1  0  1246187 4000     5000     427754982
Sun Apr 01 23:34:57 MSK 2018 false 41602438 14344 1  0  3489    38999    48700    426805222
Sun Apr 01 23:36:22 MSK 2018 false 41485885 22793 1  0  1189867 2450     2500     444683301
Sun Apr 01 23:36:56 MSK 2018 false 41623189 22792 1  0  954511  32500    34500    463239980
Sun Apr 01 23:37:09 MSK 2018 false 41505413 22793 1  0  1054995 2457     2500     439299043
Sun Apr 01 23:37:09 MSK 2018 false 41505422 22793 1  0  1054995 2457     2500     454809043
Sun Apr 01 23:37:09 MSK 2018 false 41505417 22793 1  0  1054995 2457     2500     459487043
Sun Apr 01 23:39:15 MSK 2018 false 41634726 27501 1  -1 1185057 5000     5400     422786412
Sun Apr 01 23:39:17 MSK 2018 false 41634586 24479 1  0  1185057 126000   158000   438373029
Sun Apr 01 23:39:20 MSK 2018 false 41634240 22448 1  0  1104329 45600    57000    457386179
Sun Apr 01 23:39:21 MSK 2018 false 41634020 33208 1  -1 813317  457500   520000   450891805
Sun Apr 01 23:39:25 MSK 2018 false 41633749 23117 1  0  33082   3750     6600     439030033
Sun Apr 01 23:40:42 MSK 2018 true 41634986 25699 1  0  1045363 1100     1376     393364502
Sun Apr 01 23:41:24 MSK 2018 true 41635181 21884 1  0  1107699 266000   270000   452213441
Sun Apr 01 23:41:58 MSK 2018 true 41635203 21884 1  0  1107699 266000   270000   425746292
Sun Apr 01 23:42:32 MSK 2018 true 41635239 21884 1  0  1079265 266000   269999   429106302
Sun Apr 01 23:43:39 MSK 2018 true 41635239 21884 1  0  1079265 266000   269999   428158082
Sun Apr 01 23:45:33 MSK 2018 true 41635450 11134 1  -1 1191926 6036     8020     432119279
Sun Apr 01 23:48:34 MSK 2018 true 41635782 22448 1  0  1133245 43320    54150    444912836
Sun Apr 01 23:57:40 MSK 2018 true 41636357 8171  1  0  309160  750      750      445937444
Mon Apr 02 00:04:41 MSK 2018 true 41636739 1705  1  0  1244330 900      3000     457035478
Mon Apr 02 09:41:17 MSK 2018 true 41670406 29547 1  0  920284  37500    39900    444299499
Mon Apr 02 09:50:32 MSK 2018 true 41670859 17056 1  0  688152  280      280      474677748
Mon Apr 02 16:44:21 MSK 2018 true 41702963 24368 2  0  1207454 3200     4000     497965043
Mon Apr 02 23:28:18 MSK 2018 false 41745746 2775  1  0  1249711 240      300      509902399
Mon Apr 02 23:58:00 MSK 2018 false 41749945 22449 1  0  6485    175784   188107   510692960
Mon Apr 02 23:59:36 MSK 2018 false 41743909 21843 1  0  1208650 355000   360000   515696712
Tue Apr 03 01:48:54 MSK 2018 true 41758533 35759 1  0  170366  755007   859799   523080024
Tue Apr 03 01:48:57 MSK 2018 true 41758534 35759 1  0  170366  755007   859799   557853024
Tue Apr 03 03:16:25 MSK 2018 true 41763849 20964 1  0  1222551 9969     9999     542627706
Tue Apr 03 23:47:10 MSK 2018 false 41831131 12364 1  0  835882  27500    29500    30057795
Tue Apr 03 23:48:27 MSK 2018 false 41829729 12364 1  0  1186968 27500    29900    53740553
Wed Apr 04 05:20:35 MSK 2018 true 41867865 7067  1  0  1203171 200      300      81830257
