-1260.8455 51.333878 127.06185
-1260.7579 51.43407 127.05858
-1258.424 54.10763 126.98377
-1256.093 56.755745 126.967384
-1253.7151 59.371384 127.04645
-1251.3507 61.913925 127.13883
-1248.9106 64.53063 127.22861
-1246.5165 67.08493 127.531166
-1244.0706 69.64677 127.951866
-1241.6389 72.1807 128.4639
-1239.1719 74.75145 129.14687
-1236.7242 77.301994 129.74185
-1234.2766 79.85254 130.12032
-1231.8531 82.37783 130.3987
-1229.38 84.93293 130.71379
-1226.8168 87.3159 131.16335
-1224.1428 89.73248 131.59805
-1221.377 92.03313 132.16174
-1217.695 94.553085 132.94954
-1213.9149 95.494156 133.7363
-1212.5002 95.3751 134.05556
-1210.8313 95.128815 134.34961
-1210.2148 95.18381 134.48372
