-1216.1135 95.939026 133.28632
-1218.2222 93.75202 132.83315
-1220.6758 91.207245 132.23502
-1223.1194 88.68193 131.7009
-1225.649 86.24334 131.21251
-1228.2349 83.80228 130.76007
-1230.8057 81.3759 130.36778
-1233.4912 79.07891 130.07204
-1236.2025 76.82188 129.71054
-1238.8795 74.52386 129.1471
-1241.9181 71.905815 128.4051
-1244.4963 69.528656 127.91418
-1247.0857 67.03076 127.503716
-1249.5691 64.53475 127.219894
-1252.0674 62.023865 127.227516
-1254.5209 59.460438 127.15362
-1256.7778 56.64986 126.98953
-1258.5914 53.630424 126.99519
-1260.2745 50.537907 127.09706
-1261.8649 47.388927 127.27817
-1262.7435 45.619335 127.532074
-1262.8019 45.47743 127.55248
