-8876.081 650.8944 96.03693
-8873.459 649.4259 96.02282
-8870.467 647.5577 95.81703
-8868.525 644.7289 95.893684
-8866.028 642.30585 95.98447
-8862.51 642.44965 96.19449
-8859.02 642.57874 96.29626
-8855.474 642.7304 96.477806
-8851.91 642.88293 96.45443
-8848.427 643.0319 96.37681
-8845.066 642.3624 96.05741
-8841.867 640.87714 95.509125
-8838.543 639.71545 95.09656
-8835.16 639.5188 94.891945
-8831.848 639.0683 94.42063
-8828.614 639.57513 94.31813
-8825.432 640.585 94.24848
-8822.192 641.2208 94.22885
-8819.0205 642.0779 94.22885
-8816.3 644.0366 94.22885
-8812.996 644.95465 94.22885
-8810.441 646.9036 94.30164
-8809.187 649.5625 94.49392
-8808.376 652.40674 96.20086
-8807.535 655.8391 96.1956
-8807.1875 657.33923 96.1956
-8806.388 660.7826 96.197296
-8805.636 664.2536 96.200005
-8805.286 665.90405 96.200005
-8805.593 665.9741 96.200005
-8809.064 666.69745 95.57109
-8812.522 666.12396 95.423134
-8813.131 665.8546 95.423134
-8813.9375 663.86926 95.423134
-8814.187 662.9305 95.423134
-8814.358 661.44244 95.423134
-8814.4375 661.27264 95.423134
-8814.504 660.28253 96.59903
