-8812.836 667.8446 95.42379
-8812.593 667.7797 95.42379
-8810.408 667.1978 95.42379
-8807.03 666.2992 96.201416
-8804.2705 665.564 96.201416
-8804.809 663.6357 96.201416
-8805.759 660.2307 96.198204
-8806.698 656.8373 96.19512
-8807.678 653.434 96.19512
-8808.698 650.0712 94.53402
-8810.391 647.0562 94.31248
-8813.361 645.13696 94.22959
-8816.683 644.00653 94.22959
-8820.152 643.0934 94.22959
-8823.637 642.5496 94.28076
-8827.123 642.23376 94.35952
-8831.019 642.0756 94.488716
-8834.497 642.01404 95.07976
-8838.065 642.04364 95.38398
-8841.591 642.10297 95.62045
-8845.118 642.15967 96.03955
-8848.639 642.1883 96.30345
-8853.364 642.1798 96.4628
-8856.906 642.1712 96.44789
-8860.4 642.7016 96.23035
-8863.722 643.85535 96.205284
-8866.99 645.16724 96.0272
-8870.229 646.59766 95.823425
-8873.239 648.4058 96.042946
-8875.8955 650.7152 96.03541
-8876.397 651.1727 96.03947
