873.0018 -491.28363 96.54193
872.9949 -491.28677 96.54197
870.6923 -494.03342 96.58745
868.0986 -496.9498 96.55088
865.20374 -499.18634 96.38776
861.4455 -498.78162 96.1836
857.85516 -498.93802 96.285095
854.1411 -499.08112 96.43693
850.46436 -498.95398 96.92379
846.70605 -498.54922 97.90427
842.8125 -498.12994 98.36907
839.06177 -497.726 98.781296
835.30646 -497.3216 99.265205
831.4204 -496.90308 99.86864
827.6622 -496.49835 100.33556
823.7822 -496.0949 100.695206
819.8896 -495.74353 100.44775
816.11816 -495.49405 100.13693
812.3582 -495.10553 100.09956
808.4776 -494.70746 100.12085
804.5869 -494.33478 99.913155
800.69617 -493.9621 99.66838
796.9333 -493.60312 99.72159
793.1315 -493.25403 99.66589
789.2845 -492.90076 99.385185
785.5128 -492.5544 99.45456
781.90967 -492.99927 99.82695
778.5101 -494.81775 99.93355
775.51575 -493.47577 99.13036
771.71204 -492.85034 98.12572
770.07 -492.54166 97.98224
765.9285 -491.76312 97.64437
761.38806 -490.56442 97.025536
756.95953 -489.1077 95.41118
750.513 -486.42056 91.72021
743.8958 -483.5225 87.23897
737.4581 -480.70303 84.03788
731.05896 -477.90042 81.25936
724.4418 -475.00235 78.21016
718.101 -472.04077 74.69687
712.06604 -468.4289 70.87761
707.0164 -464.4196 67.55782
703.45465 -458.36395 64.86809
700.92535 -451.99707 63.290787
698.85474 -445.06155 62.55783
696.5946 -438.39334 62.753796
696.0183 -431.57114 62.740658
694.77356 -424.79214 63.328342
690.2508 -420.0997 64.310005
684.3935 -416.32822 64.91776
677.1353 -412.62573 65.96329
670.86774 -409.44614 66.89933
664.41974 -406.1888 67.55817
658.14233 -403.99786 67.734886
652.00977 -400.62274 67.96585
645.8633 -397.24127 67.956535
641.4052 -392.58832 68.1356
636.33466 -388.29056 67.86058
630.6034 -385.08337 67.69381
624.1105 -384.1244 67.484474
617.8702 -384.6359 67.25997
611.1418 -387.25452 66.54337
604.40466 -388.15775 66.14909
597.486 -389.87296 66.05765
590.69495 -391.57068 66.11916
583.862 -393.0757 65.38989
576.7312 -394.31683 63.919945
569.84863 -395.5147 61.82937
562.93854 -396.71744 59.07337
556.1422 -398.36743 56.19444
549.4452 -399.1282 53.444405
542.9747 -400.78058 51.385452
536.58954 -403.71652 49.501614
530.24274 -406.66913 47.663708
523.6713 -409.63232 45.503193
517.1617 -412.20618 43.602215
512.26385 -416.46338 41.896988
505.83408 -419.45038 40.01274
499.39642 -422.2698 38.41017
493.00565 -425.09158 37.440235
486.53638 -427.7059 36.82576
481.28412 -432.46555 35.83992
474.92984 -435.4137 34.90572
468.4585 -436.70514 33.71815
458.73166 -435.3879 31.983286
452.49713 -433.20975 30.630245
446.49826 -429.32144 28.023941
440.61768 -425.1498 24.113874
434.69156 -421.75906 20.20098
428.81094 -417.5874 15.904914
423.1359 -413.56155 12.834974
417.41516 -409.5033 8.848169
412.77502 -404.03018 4.2068515
409.61594 -397.87286 0.48638028
409.30893 -391.1572 -1.1136804
412.4743 -385.17236 -1.2438
419.0039 -382.57364 -1.2438
425.67422 -380.02673 -1.2438
432.18756 -377.53973 -1.2438
438.9494 -374.95786 -1.2438
445.90744 -372.3011 -1.2438
452.60315 -369.74228 -1.2438354
459.09393 -366.84097 -1.2438354
465.10568 -363.31833 -1.2438354
470.9596 -359.4548 -1.2438354
476.7189 -355.52576 -1.2438354
482.6829 -351.4 -1.2438354
488.40457 -347.41617 -1.2438354
494.14926 -343.41632 -1.2437772
500.08923 -339.28046 -1.0851504
505.83392 -335.28064 -1.0851504
511.57858 -331.2808 -1.0792753
518.0943 -327.21762 -0.9940632
524.92896 -325.69098 0.09571822
533.0223 -324.7006 2.6098967
540.2373 -324.9824 5.6079636
547.2188 -325.48178 9.340952
555.5671 -326.3944 14.704658
562.48676 -327.45187 18.65658
569.6212 -328.67072 22.840702
576.5189 -329.8618 26.935968
582.6028 -332.39713 29.561754
589.85095 -335.41507 30.152187
596.8218 -335.795 30.430336
603.7787 -335.11734 30.550936
610.8284 -333.47955 30.421432
616.9928 -330.86517 30.133665
621.4136 -326.01196 30.133665
625.1678 -319.8237 30.133665
628.78107 -313.82834 30.133665
632.2526 -307.7678 30.133665
635.7716 -301.53418 30.133665
638.95624 -295.43927 30.136946
644.151 -291.5893 30.223269
651.0756 -290.05756 30.184853
657.7407 -291.9812 30.160479
661.76587 -297.04437 30.290981
665.23114 -302.7281 29.963594
665.7671 -309.69318 29.493832
666.1767 -316.69238 30.192598
666.4742 -323.68005 30.32294
665.75726 -330.8684 30.094494
665.0873 -337.83597 29.872982
663.7315 -344.1578 29.896366
665.6953 -351.122 29.331167
668.0454 -357.71555 29.327967
670.76184 -364.1503 29.773659
673.85126 -369.30676 29.780745
673.6324 -368.8841 29.780745
670.3875 -362.61844 29.737692
666.9151 -356.95105 29.16544
665.8823 -350.2809 29.363358
666.0542 -343.35303 29.608665
666.22784 -336.35593 29.787388
666.406 -329.17615 29.982458
667.11304 -322.38547 29.9846
668.9493 -315.82712 29.622913
667.3716 -309.37112 29.415302
664.95276 -303.40485 29.918354
660.4964 -297.8274 30.289099
655.9024 -292.43494 30.17903
651.3538 -287.0958 30.305885
646.7054 -281.6394 30.646797
642.1386 -276.15094 30.503075
638.33203 -270.45032 30.127216
636.4804 -263.63818 31.693487
635.3679 -256.55704 33.34277
634.2467 -249.42058 34.79319
633.1777 -242.61604 35.976578
632.063 -235.52107 37.01045
630.9744 -228.59206 37.814762
629.86847 -221.55241 38.43415
628.7581 -214.48509 38.84934
627.676 -207.59758 39.05477
626.5766 -200.59943 39.062374
625.44885 -193.42146 38.854515
624.3776 -186.60309 38.459316
623.25867 -179.48047 37.826645
622.1766 -172.59294 37.00692
621.0488 -165.41498 35.92551
619.95374 -158.44449 34.65471
619.04987 -151.50533 33.368385
618.58246 -144.47247 33.41592
619.75134 -137.46617 33.4317
621.1945 -130.40208 33.653202
622.59564 -123.54374 34.711075
624.21796 -116.60758 36.45376
626.5118 -109.849396 38.305134
628.73395 -103.05606 39.965363
630.1706 -96.081345 41.145096
631.0348 -89.081154 41.40329
631.58594 -81.97654 41.40816
631.91736 -75.069405 41.53188
632.12415 -67.87637 41.30024
632.3261 -60.84939 41.570786
632.53046 -53.740322 41.986668
632.8387 -46.67724 43.0268
633.27045 -39.69063 44.13697
633.7632 -32.45597 45.680164
634.4105 -25.51579 46.97548
636.526 -18.60838 48.721786
638.96954 -12.004783 51.00586
640.60583 -5.234461 53.65776
641.85913 1.8942041 56.733482
642.99097 8.787768 60.01053
644.0665 15.8798485 63.27698
644.8349 22.876635 66.380936
645.89276 29.535116 68.17794
648.70483 36.33887 68.895256
643.61816 36.920578 68.91528
642.61346 29.767303 68.23467
642.95276 22.663874 66.246155
643.28876 15.6721735 63.155796
643.1486 8.481234 59.864132
642.5609 1.3149159 56.453255
640.7334 -5.436174 53.56626
638.14935 -12.062002 51.015743
635.48755 -18.837946 48.64697
632.99475 -25.183876 46.91966
630.30225 -32.038002 45.024483
627.80426 -38.396965 43.155506
625.42114 -45.06504 42.252678
624.8466 -46.9243 42.13614
624.43744 -48.248524 42.095104
623.7596 -50.44218 42.085125
622.1702 -55.585777 41.92366
620.6097 -60.63601 40.714382
619.6541 -63.728535 39.7522
619.2385 -65.073555 39.452663
617.9966 -69.0927 38.94094
616.5141 -73.03559 38.76229
614.9018 -77.00204 39.218018
613.4017 -80.89547 39.165943
612.11127 -84.91673 39.115223
610.83777 -88.926 39.020794
609.23474 -92.70009 39.18064
606.7023 -95.97076 39.289776
605.2231 -99.69254 39.82787
606.20905 -103.76486 40.5885
607.22754 -107.95788 41.07708
608.16956 -111.937904 41.0475
609.03467 -116.10541 40.361942
609.8076 -120.35016 39.082775
610.4997 -124.44037 37.505367
611.2042 -128.60449 35.836407
612.9954 -132.34126 34.278393
613.6371 -136.46451 33.542744
614.1776 -140.65309 33.201534
614.7205 -144.87495 33.13757
615.17267 -149.0985 33.368465
615.605 -153.26529 33.368465
616.126 -157.43115 34.334606
616.70447 -161.63142 35.16992
617.3244 -165.59999 35.861042
617.7521 -168.25409 36.31388
618.18475 -170.93954 36.69438
618.5922 -173.46825 37.052673
619.0317 -176.1955 37.40728
619.46606 -178.8914 37.702805
619.8912 -181.52983 37.99204
620.31885 -184.18393 38.374725
620.72797 -186.72308 39.775368
621.16003 -189.40442 39.39354
621.58856 -192.06374 39.77545
622.01776 -194.72748 40.283154
622.45044 -197.41293 39.087276
622.87225 -200.03046 40.583046
623.3009 -202.69052 39.08713
623.05566 -201.61212 39.069824
622.98926 -201.21008 39.063538
623.9761 -203.88869 39.107243
624.9667 -207.56522 39.06159
625.73645 -211.78574 38.98819
626.47076 -216.81693 38.761703
627.05383 -221.63275 38.459248
627.657 -226.61398 38.0703
628.24713 -231.48819 37.552353
628.85614 -236.51805 36.941837
629.4463 -241.39224 36.264515
630.04 -246.29564 35.45821
630.6372 -251.22821 34.5512
631.23206 -256.14133 33.570396
631.83167 -261.09338 32.459915
632.4265 -266.0065 31.254543
633.02966 -270.9877 32.61716
633.61865 -275.85217 30.325327
633.67474 -276.6621 30.133823
633.7002 -278.04535 30.133823
633.7748 -282.0996 30.134886
633.86365 -286.9302 30.134886
633.95667 -291.98615 30.134886
634.0489 -297.0029 30.134886
634.1381 -301.8531 30.134886
632.03296 -306.3648 30.134886
629.5334 -310.57935 30.134886
626.7021 -314.61252 30.134886
623.71716 -318.7428 30.134886
620.58997 -322.44928 30.134886
618.3941 -326.54437 30.134886
615.3434 -330.16406 30.233719
611.4072 -332.68015 30.5084
606.5754 -333.55664 30.6708
600.7142 -333.31906 30.904072
593.4253 -333.04654 30.690601
587.72473 -332.68732 30.255842
581.11365 -331.13763 29.065453
574.34595 -329.58276 25.73611
567.2905 -327.96738 21.385832
560.4671 -326.4051 17.480446
553.5666 -325.0227 13.395985
546.87634 -323.65228 8.9356
540.16675 -323.5044 5.341465
533.64905 -323.19507 2.678825
526.9959 -323.40854 0.5363429
520.3902 -324.0652 -0.8834879
514.4487 -326.77316 -1.0839287
508.91135 -331.2359 -1.0839287
503.2107 -335.7185 -1.0839287
497.85117 -339.93286 -1.1009957
492.21652 -344.36353 -1.2106016
486.49384 -348.86346 -1.2438307
481.01324 -353.17297 -1.2438307
475.3621 -357.53387 -1.2438307
469.0439 -360.48566 -1.2438307
464.0927 -365.07806 -1.2438307
458.0424 -368.09982 -1.2438307
453.53485 -372.92026 -1.1731893
446.81494 -374.77805 -1.2438313
440.06802 -376.64328 -1.243862
433.3211 -378.50854 -1.243862
426.3448 -380.48837 -1.243862
419.5877 -382.4712 -1.243862
412.72318 -384.48553 -1.243862
405.8586 -386.4999 -1.243862
399.1284 -388.47485 -1.243862
392.14822 -389.76596 -1.243862
385.17825 -390.41367 -1.0714355
378.07803 -390.75003 -0.9663682
370.80014 -390.4042 -0.27961144
363.75204 -389.45724 -0.055015888
356.66107 -388.31775 -0.285991
349.24182 -387.10333 -0.26255417
342.12387 -385.93823 -0.35895103
335.31213 -384.82565 -0.70401186
328.2117 -383.74652 -0.8240014
321.3088 -383.00735 -0.9172922
314.0909 -383.00333 -0.7619187
306.0387 -383.75424 0.03623509
299.1271 -385.27142 1.7946081
292.5067 -387.4547 4.2012563
285.70947 -389.7715 6.5537267
279.3583 -392.80475 10.289355
273.5832 -396.67596 14.616626
268.13608 -400.93643 19.37773
262.45346 -405.53143 24.600428
256.7038 -409.52917 29.15524
250.49146 -412.85535 33.096573
243.63475 -414.80457 35.36091
236.56537 -415.25464 37.433743
229.52068 -414.9674 39.198154
222.63873 -414.30157 40.307987
215.43195 -413.02267 41.227867
208.77908 -411.5354 42.00128
201.78157 -409.29047 42.766598
195.23705 -407.09802 42.906128
188.34737 -404.78995 42.837578
181.64355 -402.54416 42.840675
174.91318 -400.28946 42.853218
168.3952 -398.1059 43.00845
161.50552 -395.79785 43.07667
154.92117 -393.59207 43.15825
148.2439 -391.35516 42.858727
142.33272 -388.08115 42.569107
136.41486 -383.92123 42.471493
129.9541 -380.80103 42.538
123.510735 -380.03613 42.797703
117.03554 -382.73865 43.816357
110.56268 -385.4402 45.141396
103.921875 -388.21185 45.97822
99.35102 -390.05646 45.111187
95.879524 -389.69458 45.102272
92.28309 -388.23465 45.04758
90.31033 -388.06763 45.030235
88.30878 -388.32886 45.017384
84.555984 -387.66196 45.005722
84.132866 -387.6498 45.005722
83.387054 -388.01767 45.008224
80.117035 -388.36584 45.022163
74.262245 -390.39572 45.132526
70.400696 -393.64505 45.23293
69.360016 -398.0716 45.407745
69.680374 -403.01407 45.914837
70.02339 -407.9462 46.777004
70.36539 -412.8637 47.819145
70.71147 -417.8399 48.490356
71.05211 -422.73788 48.6571
71.401596 -427.76294 48.825977
71.74495 -432.7 48.785915
72.084915 -437.5882 48.90598
72.43304 -442.59372 48.967014
72.772995 -447.4819 48.925014
73.11432 -452.38965 48.49997
73.4536 -457.26807 48.291424
73.80036 -462.25403 48.472317
74.047935 -467.1947 48.621513
74.02156 -472.29062 48.529
74.009605 -477.3278 48.35152
74.052376 -482.23737 48.527798
74.10699 -486.6297 48.783913
74.05989 -484.06815 48.67756
73.882904 -476.901 48.34889
73.57794 -469.86575 48.631138
73.52503 -462.89398 48.521706
73.409744 -455.82553 48.261692
73.03599 -448.59723 48.88099
72.6503 -441.4256 48.98922
72.26913 -434.33783 48.882103
71.88721 -427.23608 48.85573
71.21974 -420.29 48.69244
72.06908 -413.44025 48.05296
72.39479 -406.44843 46.490154
71.38541 -399.34155 45.54464
68.01869 -393.41138 45.174038
62.26684 -389.58084 45.04721
55.000988 -388.77087 45.194614
48.679996 -386.3427 45.064774
42.173145 -385.02963 45.133587
35.82775 -386.79703 45.33904
29.233913 -389.03113 45.614925
23.405159 -393.05533 45.769684
17.563148 -397.18457 45.63144
11.798892 -401.35004 45.344196
6.1682334 -405.39438 45.228935
1.3567086 -410.4314 45.370594
-4.4652143 -414.38882 45.295364
-11.275012 -416.78482 44.700954
-18.052021 -418.17487 42.98072
-24.60899 -415.10974 38.803955
-30.892208 -412.03952 34.281807
-35.425354 -406.68518 29.867558
-39.095074 -400.25574 24.888899
-42.46038 -393.9745 20.280407
-45.580257 -387.41446 17.219366
-48.59645 -380.85025 14.806468
-51.600952 -374.3115 13.249539
-54.72236 -367.5183 12.621101
-57.662563 -361.11948 12.445964
-58.72057 -358.81693 12.408598
-59.75227 -356.57162 12.441098
-61.36436 -353.33347 12.523659
-63.092197 -350.29785 12.615249
-64.88322 -347.1773 13.346595
-66.62197 -344.1478 14.000166
-68.021164 -341.84467 13.75906
-69.06304 -340.26776 13.656765
-70.14447 -338.631 12.574211
-71.17384 -337.07303 13.819343
-72.24281 -335.45514 13.22452
-73.29955 -333.85574 12.488944
-74.376854 -332.22522 12.426339
-75.42499 -330.6389 12.308153
-76.500206 -329.0115 13.38035
-77.54833 -327.42514 13.049411
-78.611534 -325.87222 11.70441
-79.76746 -324.2638 11.472343
-80.85721 -322.74744 11.264987
-83.65299 -318.85718 10.490655
-87.35849 -315.76556 9.551313
-91.1965 -312.46936 8.693216
-94.43555 -308.7721 8.698304
-97.16706 -304.62466 9.041615
-99.29553 -300.2336 9.358815
-100.62416 -295.33145 9.4392395
-100.95057 -290.4821 9.429761
-99.81305 -285.92456 9.429761
-97.22831 -281.6812 9.426874
-94.69456 -277.52155 9.374519
-92.053734 -273.18613 9.086834
-89.479195 -268.9595 8.522113
-86.87406 -264.68265 7.8537107
-84.31991 -260.4895 7.3627462
-81.592064 -256.24136 7.1622367
-79.84285 -251.81514 7.201814
-77.66861 -247.44244 7.568693
-74.513885 -243.82599 8.152705
-69.72206 -242.33778 8.739113
-65.04255 -240.88446 9.175375
-60.25073 -239.39626 9.494632
-55.46826 -237.91095 9.828724
-50.824783 -236.65617 10.080342
-46.57227 -235.06905 10.180216
-42.132545 -233.9418 10.116773
-36.99099 -234.13004 10.265414
-32.064888 -234.31038 10.185148
-27.080027 -234.49287 9.815915
-22.004473 -235.4006 9.850729
-18.199257 -236.20982 10.2978735
-15.257475 -236.84702 10.530376
-8.443488 -238.32295 10.961887
-1.3865452 -239.74126 11.475331
5.60813 -241.02776 12.138021
12.686721 -241.68446 12.862813
18.916979 -244.64272 13.940972
25.426239 -247.4278 14.245116
32.395138 -248.99997 14.129361
39.22051 -251.0936 14.862672
45.90032 -253.18648 15.768264
52.647522 -255.30049 16.653717
59.373775 -257.6991 17.672464
65.69484 -259.49844 18.612604
70.75692 -264.16257 20.211908
75.44345 -269.4747 21.949097
80.25099 -274.9415 23.724045
82.6827 -277.6767 24.610321
85.38905 -279.44247 25.307642
86.70493 -280.93884 26.147232
88.00546 -282.41772 27.121088
89.24084 -283.8225 27.163078
90.53139 -285.29004 27.999802
90.14739 -285.8112 27.264826
89.76755 -287.99002 27.708494
88.436134 -287.92133 27.54145
85.379684 -284.4549 26.419632
82.69038 -280.21982 25.172167
80.42616 -275.18842 23.798925
78.39923 -270.6843 22.566885
76.34764 -266.30014 21.348114
74.03381 -261.84796 19.989801
69.44778 -260.1061 19.09511
64.83737 -258.6616 18.354137
60.462074 -256.41858 17.547907
55.886227 -254.82703 16.893064
50.80114 -253.98341 16.298725
46.168674 -252.81235 15.759289
42.426693 -249.42564 15.168503
38.130493 -247.60013 14.705357
33.12125 -246.51512 14.317989
28.418503 -245.4965 13.988906
23.572086 -244.44678 14.160284
18.562845 -243.36177 15.460733
14.028385 -242.37962 13.827024
10.297109 -241.57143 14.498196
6.5456886 -240.75887 12.24702
2.8365788 -239.95547 11.943032
0.45003986 -239.43855 11.694423
-3.2960138 -238.62715 12.884511
-7.1307316 -237.79655 11.94232
-10.779654 -237.0062 12.602318
-15.138403 -235.94118 10.519751
-17.193893 -235.08676 10.351095
-23.812834 -232.33542 9.923504
-30.237862 -229.66469 10.207258
-37.031242 -227.81828 10.620779
-40.984386 -227.39256 10.826911
-42.87744 -227.1887 10.927208
-47.480125 -229.06879 10.793469
-52.380802 -233.95906 10.262518
-59.341644 -236.09097 9.724821
-65.927666 -238.10811 9.335931
-72.37714 -241.0021 8.647086
-78.459015 -244.73422 7.754149
-84.554405 -248.23265 6.93216
-90.96472 -249.22366 6.905777
-97.57702 -249.42625 7.4098177
-104.67314 -248.1499 8.459274
-111.631485 -246.89833 9.171258
-118.45606 -246.98846 8.960187
-125.315475 -245.62279 8.769532
-132.39944 -246.76407 7.65726
-139.23804 -246.61534 6.984157
-145.89032 -243.74199 7.106414
-151.73479 -240.00761 7.3157806
-153.42018 -233.06937 9.671891
-155.08347 -226.08269 13.003618
-156.60023 -219.34973 16.836832
-158.08986 -212.25238 22.412058
-159.55074 -205.29202 26.48712
-161.04974 -198.22847 30.037363
-162.7071 -191.4857 33.831448
-164.78775 -184.74474 38.247517
-167.2017 -178.07004 42.70936
-169.9398 -171.49214 48.204517
-173.05714 -165.19652 53.7141
-176.82837 -159.04219 59.007416
-181.10251 -153.37605 63.69027
-185.46248 -147.72183 68.44109
-189.56908 -141.95047 72.87516
-193.31099 -135.80515 76.1614
-196.8575 -129.82622 77.841675
-201.8283 -125.05724 78.529236
-207.39417 -120.76709 78.75125
-210.9053 -114.459274 79.05376
-213.42442 -108.02048 79.44619
-211.15137 -101.330925 79.44859
-208.93224 -94.706764 80.39934
-206.68877 -87.82523 78.51958
-204.52632 -81.108765 76.04005
-202.22227 -73.95252 74.13041
-200.05554 -67.222725 72.993706
-197.88692 -60.49354 72.46714
-195.52794 -53.754593 72.480774
-193.14574 -47.172504 73.13157
-190.6876 -40.45408 74.35147
-188.17654 -33.591026 76.27803
-185.74727 -26.936586 78.81978
-183.2454 -19.95111 80.692566
-180.17633 -13.836249 80.77274
-174.04413 -10.733066 80.77542
-170.15625 -5.3630986 79.84739
-167.38309 1.2140316 77.24139
-164.61024 7.8846793 77.13072
-162.04997 14.442694 77.13072
-158.40741 20.11992 77.06216
-156.92458 27.083471 77.038506
-161.52483 31.856728 77.06995
-168.3318 32.02189 77.04723
-170.37935 25.316843 77.14491
-172.27089 18.641884 77.78855
-174.24046 11.691562 78.45501
-176.20332 5.031056 79.168175
-178.3189 -1.6924968 80.33414
-180.58253 -8.449403 80.77291
-182.88176 -15.312509 80.77291
-185.0787 -21.87029 80.45803
-187.30232 -28.507727 78.042984
-189.59265 -35.34428 75.64815
-191.86964 -42.141014 73.963326
-194.13773 -48.911198 72.8738
-196.37915 -55.60173 72.441696
-198.60277 -62.23916 72.54285
-200.8931 -69.075714 73.25712
-203.09448 -75.64677 74.55307
-205.3937 -82.50988 76.51719
-207.62622 -89.17386 79.19285
-210.03362 -95.88954 80.3128
-214.21463 -101.04004 79.52995
-220.31616 -98.75385 78.84686
-225.57178 -94.070045 75.7989
-231.40717 -89.886734 70.5523
-237.83293 -87.00555 64.78283
-244.43303 -83.72835 60.589462
-251.53552 -83.551834 57.231525
-258.57294 -84.32564 53.851814
-263.79852 -88.91537 49.318546
-268.37308 -94.25071 44.648552
-273.49384 -99.01812 39.781826
-279.1195 -103.549995 33.956356
-284.6048 -108.07615 29.154217
-289.89417 -112.618324 24.23449
-295.4066 -117.352036 19.337421
-299.86032 -122.79152 16.4493
-304.0544 -128.48314 15.150241
-308.24017 -134.16348 14.144714
-312.4675 -139.90018 12.990242
-316.7398 -145.50807 11.698797
-319.79498 -151.63248 10.327872
-322.084 -158.06854 9.381682
-324.84183 -164.89659 9.26029
-330.28384 -168.55759 9.26029
-336.87503 -171.33894 9.26029
-343.53073 -174.1475 9.294573
-349.83813 -176.8091 9.641471
-356.75336 -178.48651 11.178486
-363.78763 -179.86473 12.729676
-370.74255 -181.21082 13.76414
-376.92776 -182.40791 14.281569
-384.61118 -183.89497 15.093777
-391.60352 -185.2685 16.015848
-398.52023 -186.66362 17.996428
-405.60162 -188.09196 22.078026
-412.47714 -189.47878 25.592314
-419.2983 -191.16653 26.073824
-426.2853 -192.95125 26.341944
-433.18063 -194.68651 28.31744
-440.21634 -195.6748 31.866564
-447.3226 -195.95506 36.502117
-454.4375 -196.0294 41.38743
-461.49094 -195.83916 46.963795
-468.5313 -195.76343 51.566216
-475.3714 -197.42044 54.689205
-481.57166 -200.75882 56.624054
-488.17163 -203.96364 57.31532
-494.56134 -207.02216 57.4161
-501.08173 -209.02798 57.170666
-508.1025 -210.32195 57.05397
-514.45624 -212.55643 56.939384
-518.7141 -218.14581 56.95994
-523.3368 -223.16437 57.232803
-526.9133 -229.08113 56.946964
-530.4656 -235.2909 56.797024
-533.9553 -241.39128 57.39427
-537.47974 -247.55244 56.935474
-541.26984 -253.66391 55.202282
-545.26776 -259.5289 53.68266
-549.3087 -265.31314 52.66374
-553.3745 -271.13132 52.35657
-557.5987 -276.65778 52.13502
-562.0786 -282.2354 51.833206
-566.56726 -287.82397 50.799053
-570.99457 -293.33612 49.352924
-575.38684 -298.8046 48.10138
-579.79663 -304.29492 47.136642
-584.1538 -309.71973 47.869297
-588.5975 -315.25217 48.747486
-593.0511 -320.79706 49.48007
-597.5836 -326.4402 50.281193
-602.0109 -331.95233 51.250946
-606.4032 -337.4208 53.18019
-611.2713 -342.44504 54.751522
-617.2823 -345.94147 55.15051
-620.18176 -352.02142 55.636925
-621.44617 -358.99838 56.220726
-622.53925 -365.8131 56.786396
-623.5292 -372.958 57.308117
-624.62 -379.867 58.00147
-625.5416 -386.69583 58.550262
-630.20276 -391.77625 59.27866
-636.67456 -394.95215 59.54718
-643.2582 -392.4224 60.03586
-649.6414 -389.54947 61.230232
-656.21185 -386.4802 62.56091
-662.55676 -383.45773 63.799217
-668.8646 -380.3595 64.90904
-675.2477 -377.1601 65.62832
-681.5807 -373.98578 65.68918
-688.0021 -370.76715 65.76548
-694.2895 -367.5658 65.97849
-700.42035 -364.21667 66.18985
-706.5635 -360.86084 66.477776
-712.9524 -357.37076 66.68623
-717.2318 -352.41437 66.777214
-723.39575 -349.47186 66.90228
-730.0767 -347.29077 66.76289
-736.90186 -345.01376 66.84071
-743.2417 -342.39545 66.60893
-749.6446 -338.73154 67.47458
-755.5601 -335.28564 66.84347
-761.6765 -331.5762 66.85197
-767.6245 -327.62366 66.19953
-773.2791 -323.52237 64.54999
-776.9352 -317.90945 63.558517
-783.7501 -316.91074 62.76378
-790.98206 -315.95166 62.02193
-797.8168 -314.9959 61.425865
-804.8212 -313.85355 60.226368
-811.5921 -312.25076 57.95277
-818.6774 -310.46295 55.61652
-825.32336 -308.41656 54.280388
-832.0418 -305.95844 54.45056
-838.5367 -303.58206 55.641644
-845.1894 -301.14798 56.707355
-852.013 -298.65137 58.025345
-856.848 -294.58432 59.417236
-862.9539 -291.43878 60.61999
-869.9409 -289.72156 62.075935
-876.8536 -288.1102 65.21938
-883.8034 -286.47375 65.26888
-890.212 -284.6476 65.01887
-897.3344 -282.56732 64.2993
-903.72253 -280.98608 65.007
-909.9323 -277.95145 65.79831
-916.43616 -275.08072 66.12621
-923.42566 -273.07114 66.41602
-930.3047 -271.4391 66.75833
-937.1389 -270.72876 66.44543
-943.9946 -272.3373 65.012886
-949.2644 -276.44492 64.051765
-955.1612 -280.5433 63.56077
-960.9654 -284.8679 64.48129
-966.5803 -289.07135 65.62218
-972.4211 -293.24936 66.17669
-978.4119 -296.83972 65.815285
-984.84235 -300.06577 64.45465
-991.1149 -302.46472 63.16451
-997.91943 -304.67334 63.58038
-1004.9525 -306.94882 63.335434
-1011.5593 -309.0864 62.495808
-1018.3526 -311.28427 60.452938
-1024.9061 -313.4046 59.166466
-1031.9126 -315.67145 58.059704
-1038.5992 -317.83487 57.286366
-1045.4059 -320.03708 56.778843
-1052.0927 -322.2005 57.076237
-1058.778 -324.1301 57.15116
-1065.7219 -323.47867 57.364845
-1072.4175 -321.231 57.239834
-1078.0183 -317.17923 56.84665
-1082.3757 -311.93015 56.495537
-1084.1257 -305.19595 56.57705
-1085.8182 -298.34592 56.609135
-1087.4318 -291.34805 56.51206
-1088.7291 -284.47012 56.640686
-1089.615 -277.51874 56.718655
-1090.502 -270.35983 56.951973
-1091.3304 -263.40912 57.285557
-1093.384 -263.1268 57.485527
-1092.4359 -270.118 57.199444
-1091.4926 -277.02588 56.878197
-1090.5308 -284.04428 56.731243
-1089.5442 -291.243 56.610157
-1088.5862 -298.23367 56.667778
-1089.1995 -305.4838 57.224358
-1090.7534 -312.52432 58.385696
-1092.1265 -318.16977 56.590805
-1094.1952 -321.26077 57.606934
-1097.0969 -323.95758 57.49973
-1100.2041 -326.12985 56.13035
-1103.5798 -328.08496 55.545963
-1106.8181 -329.96048 57.048508
-1110.2068 -331.92316 54.734123
-1113.0328 -334.16495 53.266396
-1116.9191 -334.8051 54.66986
-1120.6833 -335.44202 52.915276
-1123.4655 -337.85455 51.963524
-1126.5121 -340.1175 53.57012
-1129.6011 -342.3984 51.60146
-1133.2838 -344.24762 51.19314
-1136.8794 -347.04315 51.07297
-1141.6506 -348.28183 50.99408
-1146.5358 -349.55002 51.142746
-1151.2748 -350.7803 51.19774
-1156.1749 -352.06815 51.380035
-1160.9355 -353.38354 51.66497
-1161.5844 -353.57394 51.687164
-1164.5398 -354.44113 51.721695
-1171.3909 -356.45148 51.933495
-1177.9929 -358.92627 52.38423
-1184.5232 -361.56177 52.425884
-1191.2023 -364.16003 52.516277
-1198.094 -365.3309 53.60123
-1205.1523 -365.9333 54.655003
-1212.4072 -366.5361 56.16132
-1219.3684 -366.8506 57.250523
-1226.4474 -365.44632 58.209515
-1233.1251 -363.23502 59.264805
-1239.1993 -360.0003 60.01596
-1244.9968 -357.34412 59.687767
-1246.209 -350.3729 59.482037
-1244.9221 -344.58743 59.47418
-1245.4755 -337.82236 59.313263
-1241.6338 -331.8739 59.55612
-1237.7914 -326.0899 60.089195
-1233.6932 -319.92105 61.00844
-1229.8663 -314.16037 62.32835
-1225.9022 -308.28946 64.70858
-1221.1753 -303.38382 67.097145
-1215.007 -299.66562 69.58474
-1210.4968 -294.36752 71.08712
-1206.8599 -288.04907 71.79157
-1203.5663 -281.93604 72.07829
-1200.7206 -275.2876 72.36688
-1199.18 -268.48727 72.41097
-1200.016 -261.36044 72.34697
-1203.3877 -255.2407 72.50158
-1208.9833 -251.85031 72.74225
-1216.1407 -251.47264 72.96801
-1223.0687 -251.47296 73.370224
-1230.1115 -250.97076 73.370224
-1237.2032 -250.70126 73.32654
-1243.108 -253.50078 73.32654
-1247.3484 -259.08786 73.34173
-1251.9861 -264.37967 73.3696
-1256.2195 -269.98956 72.89327
-1260.7141 -275.44107 73.646286
-1265.9061 -280.39713 76.12594
-1271.8406 -284.3892 81.321526
-1278.4393 -286.92056 86.066414
-1285.1584 -288.71893 88.77146
-1292.2656 -289.81186 90.3928
-1299.3403 -290.17703 90.57054
-1306.519 -290.39362 90.69094
-1313.4879 -290.60388 90.48998
-1320.8573 -291.39395 90.54626
-1327.5685 -291.06845 90.70035
-1334.216 -289.4311 90.870125
-1340.5116 -292.41415 91.009705
-1346.9381 -294.65707 90.91954
-1353.2573 -297.99103 90.80244
-1359.496 -301.34708 91.416824
-1365.812 -304.8816 91.60998
-1372.142 -308.27353 91.25591
-1378.3881 -311.5256 91.2197
-1385.0388 -314.5385 89.663185
-1391.7405 -316.8214 88.88028
-1398.64 -317.93625 88.772705
-1405.7974 -318.10928 88.77091
-1412.5387 -316.1608 88.70758
-1419.4224 -313.9737 89.21541
-1426.3423 -311.99976 89.859764
-1433.0768 -310.51532 91.26255
-1439.5997 -310.03906 93.0153
-1446.2917 -312.03888 94.76152
-1454.1869 -314.97235 97.34615
-1460.6293 -317.45572 98.97149
-1467.2406 -320.11423 100.420876
-1473.8016 -322.82227 100.77195
-1478.2784 -324.67 100.2247
-1481.1925 -325.87277 100.41879
-1480.3732 -325.5862 100.37568
-1473.7241 -323.14563 99.842064
-1467.3428 -320.51605 99.67358
-1460.5426 -318.24704 99.045654
-1453.6176 -316.29413 97.40232
-1446.9313 -314.0406 95.30381
-1440.692 -311.48557 93.3856
-1433.4703 -311.45813 91.338165
-1426.6686 -312.70407 89.82776
-1419.5554 -314.25113 89.203896
-1412.7126 -315.78952 88.72753
-1406.5422 -318.58627 88.75782
-1399.8544 -320.57474 88.81032
-1393.2472 -318.53323 88.62745
-1386.8853 -315.57974 89.343315
-1380.3192 -312.41623 90.63763
-1374.022 -309.2958 91.5065
-1367.7821 -306.1236 91.39369
-1361.3252 -302.73108 91.560814
-1354.6996 -300.80713 91.24349
-1349.4111 -296.06012 90.807465
-1349.2914 -289.4431 90.90402
-1351.0917 -282.55292 92.66736
-1352.8431 -275.6745 96.06685
-1354.7401 -268.98026 98.02974
-1356.8036 -261.94043 99.356415
-1358.9073 -255.123 99.36988
-1360.0134 -251.92061 99.36988
-1357.1156 -255.39273 99.36988
-1355.4324 -260.21918 99.35647
-1354.3644 -263.8809 99.07884
-1353.1466 -267.59488 100.66035
-1351.9736 -271.17236 97.964584
-1351.5702 -272.4023 96.794495
-1351.1951 -273.5464 96.48889
-1348.9487 -280.39752 93.26833
-1347.1779 -287.11838 91.07505
-1342.8301 -292.69888 90.97595
-1336.0906 -292.66782 90.93284
-1328.8578 -292.3927 90.62132
-1321.723 -292.12134 90.58728
-1314.6571 -291.85257 90.44665
-1307.6769 -291.56787 90.672745
-1300.6278 -290.93808 90.58445
-1294.0189 -290.83997 90.45958
-1287.5343 -289.5571 89.537025
-1281.048 -287.4333 87.29632
-1274.6885 -285.71042 83.7418
-1268.7781 -282.45517 78.53295
-1263.8158 -277.9582 74.78506
-1258.9211 -273.44727 73.15235
-1254.4366 -267.7662 72.91056
-1250.1976 -262.19733 73.37027
-1245.3884 -257.12662 73.326454
-1239.2449 -253.3252 73.326454
-1232.6163 -251.4086 73.326454
-1225.5801 -251.81195 73.37062
-1218.4353 -252.96954 73.07339
-1211.6774 -253.09055 72.73723
-1205.585 -255.69138 72.46316
-1201.6272 -261.01816 72.31063
-1200.6593 -268.0687 72.54822
-1202.1672 -275.1114 72.526794
-1204.9159 -281.5469 72.18448
-1208.4628 -287.6251 71.7433
-1212.288 -293.60413 71.06821
-1216.4758 -299.26184 69.28602
-1220.693 -304.9014 66.79836
-1225.1431 -310.5017 64.2742
-1228.7266 -314.92767 62.40479
-1229.9016 -316.37894 61.94223
-1231.1122 -317.88403 61.54616
-1232.3063 -319.40714 62.167168
-1233.463 -320.88263 62.467564
-1234.6682 -322.4246 60.672405
-1235.8168 -323.90164 60.446346
-1237.0095 -325.43536 60.203117
-1238.193 -326.95718 59.984386
-1239.2997 -328.55185 59.82808
-1241.1145 -330.13803 59.679863
-1242.6217 -332.125 59.6046
-1243.9731 -334.23627 59.53947
-1245.2377 -336.6879 59.359173
-1246.1105 -339.00058 59.272873
-1246.7495 -341.4716 59.233475
-1247.6619 -346.13455 59.355022
-1247.9235 -351.19055 59.49452
-1246.9021 -356.06046 59.464626
-1244.5555 -360.4364 59.77982
-1241.038 -364.08078 59.612873
-1236.9937 -367.0786 58.98139
-1232.7397 -369.14435 58.659508
-1227.5765 -368.1942 58.07809
-1223.0295 -369.4495 57.605736
-1218.6176 -371.03564 57.06133
-1213.8448 -369.42526 56.214596
-1209.0491 -368.4209 55.402946
-1204.4523 -366.93375 54.498775
-1199.5477 -365.34702 53.893734
-1194.8577 -363.8297 53.017673
-1190.0732 -362.83536 52.500145
-1185.262 -361.2788 52.42235
-1180.488 -359.73434 52.441334
-1175.6953 -358.18384 52.23716
-1171.0239 -356.67255 51.899982
-1166.0728 -355.07074 51.7415
-1161.4009 -353.59366 51.677353
-1156.6388 -352.1761 51.421223
-1151.8673 -350.75568 51.217888
-1147.124 -349.3437 51.172012
-1142.2493 -347.89255 51.002747
-1137.4308 -346.45816 51.05493
-1132.6876 -345.04617 52.690586
-1127.9423 -343.63358 51.804832
-1123.1144 -342.1964 52.49308
-1118.343 -340.776 53.014767
-1113.6339 -339.38675 53.46494
-1108.7399 -338.07886 53.657932
-1103.9279 -337.00964 53.974796
-1101.6127 -336.4952 54.211193
-1100.6311 -336.2771 54.334263
-1096.8969 -335.44736 55.263924
-1093.1847 -334.62253 55.91303
-1089.3945 -333.78033 55.923836
-1085.616 -332.94077 55.384495
-1084.8558 -332.77185 54.66428
-1082.4426 -332.23563 55.90255
-1078.7599 -331.41736 55.545364
-1074.9144 -330.56293 55.943317
-1071.1875 -329.73483 57.585846
-1067.4974 -328.91492 56.70226
-1063.7389 -328.07974 58.08505
-1059.9603 -327.24017 56.725914
-1055.0201 -327.61758 57.193085
-1050.0559 -328.3974 58.021927
-1045.7476 -329.07358 58.581177
-1043.7975 -329.37964 58.741962
-1038.2723 -330.2468 59.21073
-1036.5546 -330.5164 59.313004
-1034.5232 -330.8352 59.465576
-1030.7217 -331.43185 61.00615
-1028.757 -331.7402 59.841476
-1028.0624 -331.8492 59.839745
-1024.3281 -332.43527 60.183
-1020.57886 -333.0237 61.261757
-1016.1997 -333.70706 59.246292
-1011.38513 -334.44336 59.15248
-1006.4252 -335.20184 58.863556
-1001.5524 -335.94702 58.559433
-996.5537 -336.71146 58.462994
-991.61316 -337.467 58.26961
-986.7404 -338.2122 58.537483
-981.7822 -338.7524 59.13723
-977.49396 -340.373 59.701427
-972.5062 -340.9375 60.19621
-967.49567 -341.75052 60.90228
-962.63574 -342.44812 61.85249
-961.16516 -342.68542 62.136284
-957.7071 -347.16647 62.62768
-953.3243 -352.07846 62.39112
-947.1554 -355.4144 61.494648
-940.76526 -358.7523 59.167313
-934.3126 -361.67538 55.725376
-927.6351 -364.6791 52.84047
-921.1874 -367.57944 51.56179
-914.8163 -370.4453 50.40156
-908.24646 -373.41525 49.41906
-901.7626 -376.23273 48.944065
-895.2205 -379.02243 48.766586
-888.60126 -381.84506 48.617603
-881.9562 -384.67868 48.590202
-875.51715 -387.42444 48.60283
-868.85925 -390.26355 48.671886
-862.3816 -393.02576 49.003914
-855.77124 -395.84454 49.66246
-849.79663 -399.32495 50.84459
-845.0479 -404.76782 51.63393
-840.6057 -410.19543 52.215263
-836.05896 -415.8091 52.639584
-831.52325 -421.13965 52.700947
-826.75037 -426.581 52.76385
-822.11597 -431.86447 53.1033
-817.4497 -436.9747 54.007042
-813.39154 -442.8534 54.765835
-807.46716 -446.22638 55.19535
-800.696 -443.9628 56.110165
-794.0091 -442.52252 57.14635
-787.62823 -439.64795 58.534023
-781.0971 -436.43365 60.288765
-774.7615 -433.86023 62.095436
-768.32654 -432.74805 63.582626
-761.87494 -431.84714 64.71899
-755.3491 -430.31635 65.67398
-749.2245 -428.105 66.43049
-743.2975 -425.2244 66.84811
-737.3065 -421.96198 67.33031
-731.7145 -418.48434 67.598076
-726.49664 -414.56335 67.598076
-721.77686 -409.8557 67.598076
-719.0506 -403.38855 67.598076
-717.2802 -396.42914 67.60601
-716.15533 -389.59253 67.53018
-715.10266 -382.40323 67.35843
-712.9487 -375.79352 67.15061
-712.04047 -369.1063 67.02986
-706.6264 -364.48105 66.54384
-700.05725 -365.24548 66.18197
-693.67676 -368.15646 65.967865
-687.1981 -371.25623 67.515755
-680.8021 -374.3268 65.69145
-674.9402 -378.08322 65.60028
-668.6459 -381.17725 64.841385
-662.0931 -384.21817 63.67034
-655.76886 -387.153 62.429398
-649.3304 -390.1409 61.162273
-642.8538 -393.14645 59.96091
-636.4661 -396.11078 59.520966
-629.8759 -399.1365 59.152546
-626.21063 -404.69443 59.690292
-620.384 -408.05276 60.059765
-615.1184 -411.6739 60.364365
-608.31824 -412.27475 59.859726
-601.64984 -413.02997 58.809227
-595.1854 -413.50427 57.4859
-588.5777 -410.99753 55.85146
-582.08026 -407.65897 54.66806
-576.02905 -404.11252 53.500195
-570.08746 -400.2839 52.59397
-565.7888 -395.22894 51.685062
-559.5276 -391.6478 51.191986
-553.2284 -392.73682 50.91691
-546.60736 -395.59094 50.329803
-539.50916 -396.947 49.996754
-536.0949 -400.5838 49.72675
-542.4475 -398.277 50.037605
-547.09937 -393.04645 51.633625
-551.48663 -389.47107 50.058254
-554.9213 -391.39825 50.773453
-558.3106 -393.26773 51.6549
-561.6403 -395.10437 53.03176
-564.8962 -396.90027 52.25844
-568.30536 -398.7807 53.290623
-571.373 -400.5317 52.669994
-573.59784 -401.6238 53.060486
-575.9422 -402.57077 53.626987
-577.83453 -403.2957 55.29526
-579.6315 -403.94714 54.59082
-581.4296 -404.57666 54.97692
-583.6527 -405.355 55.43407
-585.26636 -407.17508 55.440388
-586.7295 -409.12183 55.527187
-589.15674 -409.6049 55.97353
-591.3974 -410.17862 56.46314
-593.4546 -411.11273 56.939796
-595.7419 -411.53372 57.530468
-598.02783 -411.66098 57.818756
-600.33417 -411.05966 58.58929
-602.64624 -410.7659 59.18625
-604.9625 -410.08215 59.75242
-607.36554 -409.71066 59.869293
-609.6953 -408.87173 59.920406
-611.8844 -407.6694 59.8671
-614.02594 -406.34607 59.647724
-615.9097 -404.8062 59.32063
-617.7514 -403.15353 59.093567
-619.34686 -401.70065 59.05186
-620.744 -400.3835 59.151566
-622.0749 -398.96317 59.130787
-623.30383 -397.5296 59.082153
-623.2194 -395.61877 58.9856
-623.5031 -393.864 58.872616
-623.513 -391.94843 58.766174
-623.42145 -390.0455 58.578617
-623.3265 -388.07083 58.42791
-623.22797 -386.02374 58.20848
-623.0328 -381.96634 58.026405
-622.91174 -379.45062 57.911438
-622.80225 -376.9394 57.688736
-622.62006 -374.44028 57.483803
-622.08246 -372.01007 58.23933
-621.5309 -369.5978 58.37469
-621.1551 -367.52103 56.966667
-621.6468 -365.6845 56.81999
-620.8867 -364.02164 56.68423
-619.6579 -362.11197 56.556995
-619.01117 -359.85052 56.345325
-619.1132 -357.43698 56.086426
-618.62634 -355.14478 55.873497
-617.0069 -353.1904 55.71328
-615.4534 -351.2706 55.619736
-613.8722 -349.3165 55.705273
-611.918 -346.90155 55.69311
-610.309 -344.91318 55.392788
-608.79565 -343.0429 54.725506
-607.11633 -340.9676 53.888496
-605.9037 -339.46893 54.929043
-604.74805 -338.04083 53.98582
-603.5216 -336.52515 52.469673
-602.2614 -334.96777 51.677917
-601.06055 -333.50354 51.107265
-599.8572 -332.0228 50.73859
-598.2451 -330.0306 50.3535
-596.69476 -328.11462 50.081978
-595.1012 -326.14532 49.856636
-593.35657 -324.4953 49.590683
-591.3945 -323.0792 49.25378
-589.1409 -321.79135 48.776234
-586.94653 -320.70184 48.258575
-584.43506 -319.52573 47.63787
-582.9571 -318.84604 47.263424
-578.8798 -320.33316 46.194492
-572.33545 -322.6963 44.28203
-565.68567 -325.0975 41.57942
-558.9833 -327.5177 39.536312
-552.20184 -329.96643 38.547318
-545.4862 -332.39142 37.935986
-538.7575 -334.82114 37.266712
-532.18677 -337.1938 35.692642
-525.60284 -339.5712 34.69365
-518.8609 -342.00568 34.267452
-511.9873 -344.4877 33.35347
-509.3007 -338.6965 33.63208
-506.83115 -332.10175 33.611202
-504.27325 -325.27097 33.183243
-501.82333 -318.7286 32.40593
-499.28506 -311.9503 31.805452
-497.11108 -305.30978 31.588816
-498.39703 -298.54236 31.208532
-496.62332 -291.79886 30.473269
-491.93875 -286.18683 29.132193
-486.04712 -283.59406 27.728853
-479.879 -281.1832 26.329554
-473.5985 -279.25208 24.708805
-466.98334 -279.38803 23.556913
-460.48502 -278.70413 22.557405
-453.5692 -278.42218 21.824585
-446.7264 -278.44305 21.032095
-439.78598 -279.549 20.887318
-432.75668 -280.62936 20.591694
-425.91058 -281.6103 19.645922
-418.6626 -282.6488 17.900377
-411.77496 -283.63568 15.82347
-404.76257 -284.64044 14.09329
-397.48688 -285.68292 13.073795
-390.46063 -286.68967 12.306841
-383.32352 -287.71228 11.663557
-376.3895 -288.81146 11.426249
-369.6893 -290.40228 11.1886215
-362.72644 -291.85107 10.624546
-355.73615 -293.30554 9.722369
-348.6088 -294.78857 8.61478
-341.81042 -296.20312 7.6652536
-334.66934 -297.689 6.8592567
-327.7339 -299.13208 6.6676064
-320.77103 -300.58087 6.6676064
-313.93152 -302.00397 6.6676064
-307.02347 -303.44135 6.6676064
-299.855 -304.93292 6.6676064
-292.86472 -306.38742 6.6982265
-285.90186 -307.8362 7.481744
-279.20682 -309.26385 7.5677276
-272.28326 -311.11966 6.7347436
-265.5124 -312.95026 6.9580555
-258.54364 -315.04874 6.745142
-251.7951 -317.24847 6.667547
-245.08652 -319.4352 6.667547
-238.32466 -321.6393 6.667547
-231.5191 -323.85764 7.2841682
-224.74396 -326.06604 8.167357
-217.91556 -328.29184 8.585947
-211.07385 -330.52197 8.45044
-204.31201 -332.72604 7.9883475
-197.61671 -334.90845 7.9850674
-190.83797 -337.2313 8.701431
-184.6151 -340.61258 8.976568
-178.50922 -344.00705 9.25171
-172.03734 -347.18372 9.924077
-165.71738 -350.22583 10.44095
-159.2504 -353.4135 10.646326
-153.01689 -356.50497 10.569929
-146.48238 -359.74573 9.353152
-140.16107 -362.88074 8.499947
-133.63051 -365.99838 8.428799
-130.32321 -372.06158 9.057686
-123.80214 -374.46768 10.99955
-116.98317 -376.63132 12.470933
-110.284294 -378.75687 13.561676
-103.58515 -380.88153 14.439677
-96.55325 -381.32034 14.450643
-89.37183 -381.41174 14.368879
-82.190414 -381.50314 14.607269