-76.0893 -383.96835 14.675758
-73.99976 -381.86673 14.582329
-68.7459 -377.0346 14.014773
-64.231445 -371.60922 13.355527
-59.7144 -366.31375 12.860297
-56.269684 -360.54156 12.297394
-50.75297 -356.73734 11.672558
-44.141235 -354.31354 11.099968
-37.647797 -351.93314 10.884674
-30.865177 -349.44672 11.116564
-24.30862 -346.9966 11.567378
-17.60843 -344.57022 13.054024
-11.317063 -341.79416 14.390907
-5.3033977 -337.8244 15.4219055
0.009944245 -333.1961 16.118826
5.5622616 -329.45712 16.498262
11.68571 -325.9991 16.647495
17.01019 -321.37094 16.802248
21.904617 -316.1533 16.66023
24.465103 -309.95187 15.122789
26.066252 -303.14627 14.727816
29.182629 -296.68558 15.2862215
31.024406 -290.0711 16.038279
32.16427 -282.91724 16.451973
32.643406 -276.10382 16.381638
32.41068 -268.8869 15.779293
31.639042 -261.8482 15.128328
29.318657 -255.3117 14.710319
25.280413 -249.51466 14.702911
20.995491 -243.90909 14.065758
15.544363 -240.29303 13.479007
8.400546 -239.70473 12.6652355
1.3683491 -239.12563 11.823616
-4.899577 -237.0599 11.248492
-11.987583 -236.4762 10.742143
-21.517324 -235.69142 9.971134
-28.256512 -235.13643 9.989489
-35.59196 -234.86934 10.33131
-42.546173 -235.36499 10.119062
-50.038345 -236.02222 10.143518
-57.112762 -237.25383 9.738778
-64.21445 -238.01552 9.339212
-70.97019 -238.30165 9.1763315
-78.38565 -238.56123 8.984663
-85.45209 -238.78545 9.358966
-92.546524 -239.01053 9.645622
-99.52901 -239.23207 9.897572
-108.316956 -239.49808 10.367719
-115.31496 -239.6651 10.245626
-122.312965 -239.83214 9.5680485
-129.35297 -240.00015 9.180258
-136.25299 -240.16484 8.524622
-143.55891 -240.33922 7.7897663
-150.66888 -240.50893 7.310804
-157.72289 -240.67729 7.3348126
-165.15799 -239.43872 8.923923
-171.98805 -239.60173 10.287038
-179.01405 -239.76942 9.502015
-186.18001 -239.94046 7.338037
-193.41595 -240.11317 6.667581
-200.246 -240.27618 6.667581
-207.258 -240.44354 6.667581
-214.53593 -240.61725 6.667581
-221.65851 -240.83395 6.667581
-228.78001 -241.08673 6.667581
-235.54259 -239.38152 6.667581
-242.14536 -237.05743 6.667581
-248.7995 -234.83966 6.667581
-255.53334 -232.59534 6.8629174
-262.22733 -230.36429 7.786707
-268.89478 -228.1421 8.68847
-275.34824 -230.79106 9.240214
-282.22952 -232.87239 9.647469
-289.1421 -233.69835 10.009983
-296.30768 -233.81807 10.546563
-301.6103 -229.88466 10.715891
-306.46744 -224.68999 12.047142
-311.403 -219.5891 14.246171
-316.34003 -214.50912 15.355975
-321.5062 -209.8904 15.198511
-327.40704 -206.05547 13.175051
-333.8036 -203.22316 13.316145
-340.61087 -201.26405 13.235251
-347.71985 -199.6981 12.458482
-354.57483 -198.28065 12.195696
-361.28952 -196.9816 12.225727
-368.42838 -195.6256 12.373424
-375.35983 -194.46753 12.75125
-382.36533 -193.41664 13.533293
-389.52585 -192.93314 15.424959
-396.43695 -193.07268 18.460234
-403.31848 -193.91667 22.03855
-410.46097 -194.79268 25.489862
-417.44174 -195.60608 26.886152
-424.6579 -195.88492 26.232695
-431.71118 -196.08098 27.568022
-438.8563 -196.26001 30.929096
-445.77127 -196.37373 35.454853
-452.91077 -196.46 40.279335
-459.92233 -196.54472 45.946484
-467.1025 -196.41556 50.746117
-474.12506 -196.14111 54.14986
-480.8537 -198.06415 56.019165
-486.89868 -201.50972 57.14516
-493.06317 -205.02835 57.333424
-498.96014 -208.39429 57.307194
-501.46484 -209.82394 57.101135
-507.63446 -212.68437 56.829536
-514.59296 -212.4314 56.975704
-519.587 -217.51393 57.107296
-524.75024 -221.74348 57.436237
-528.0607 -228.03537 57.008953
-531.18774 -234.29811 56.7107
-534.4648 -240.86147 57.346523
-537.5668 -247.0741 56.96997
-541.173 -253.17918 55.312256
-545.2805 -258.7952 53.78682
-549.49585 -264.50592 52.7132
-553.7112 -270.21664 52.34896
-555.07477 -272.0639 52.321217
-554.57794 -270.93723 52.341564
-551.7039 -264.65167 52.534435
-547.09814 -259.09888 53.555424
-542.4532 -253.76071 54.944313
-538.51855 -247.9682 56.70176
-534.6853 -242.02759 57.36501
-530.222 -235.1106 56.76674
-526.0008 -228.56885 57.01947
-521.9723 -222.63588 57.15882
-517.1421 -217.56944 56.783894
-512.2586 -212.43776 56.769672
-505.93118 -209.66484 57.057392
-501.61047 -204.87979 57.399086
-497.79016 -199.00531 57.453197
-497.41238 -192.22404 57.37054
-500.02353 -185.97273 57.483154
-506.10205 -182.5231 57.94205
-511.94705 -179.53038 57.955406
-518.30524 -179.11264 57.955406
-523.3858 -182.87587 57.95604
-526.2871 -185.19017 57.95604
-529.4096 -187.15788 57.948315
-531.19684 -187.99663 57.95021
-533.292 -189.26305 57.955265
-536.8652 -189.72646 57.955265
-539.37067 -186.7697 57.955265
-540.444 -184.71455 57.95536
-541.5984 -181.83385 57.95563
-540.22736 -178.36809 57.484653
-538.7897 -174.73361 57.01249
-537.4131 -171.25378 57.01249
-535.9452 -167.7341 57.006714
-533.3972 -164.7517 56.995033
-530.92786 -161.89977 57.051704
-530.5889 -161.08852 57.465862
-530.4136 -157.2501 57.95687
-530.52936 -156.79356 57.95687
-529.14325 -156.18968 57.95687
-525.42444 -155.14915 57.95687
-521.7622 -156.17612 57.95687
-518.7672 -158.28589 57.952507
-517.4084 -161.76833 57.955395
-517.4698 -165.48656 57.955395
-517.6351 -169.25288 57.955395
-516.17914 -172.49165 57.95413
-513.9404 -175.16008 57.95527
-510.9212 -177.42184 57.95527
-507.75677 -179.7924 57.944584
-504.7436 -182.04965 57.942787
-501.58002 -184.22488 57.482212
-498.23572 -185.93756 57.4788
-494.89145 -187.65022 57.30191
-492.52505 -188.86739 57.101383
-495.06696 -195.0636 57.247154
-499.40125 -200.62476 57.474094
-504.39005 -205.71297 57.31918
-509.2914 -210.71063 57.042873
-514.2712 -215.78825 56.618263
-519.06506 -220.99527 56.93453
-524.21375 -225.08145 57.20236
-528.21045 -231.04852 56.778034
-532.0938 -236.95612 57.0441
-535.75085 -242.79314 57.304012
-539.5119 -248.79625 56.396507
-543.35474 -254.92987 54.623856
-547.02625 -260.80734 53.286057
-551.01117 -266.57602 52.526485
-555.342 -272.46252 52.312695
-559.5152 -278.13474 51.99467
-563.6303 -283.72806 51.638317
-567.8367 -289.44537 50.43381
-572.10944 -295.25293 49.063282
-576.25775 -300.89133 47.759747
-580.48956 -306.55344 46.953842
-585.28656 -311.57343 48.07334
-590.17773 -316.63962 49.034206
-594.7982 -322.27417 49.808365
-598.8967 -327.8449 50.502632
-603.2856 -333.3826 51.633495
-608.1319 -338.64502 53.54915
-612.38995 -344.18057 55.093796
-615.94037 -349.92773 55.563652
-618.7026 -355.7074 55.913902
-620.88965 -362.11478 56.5028
-622.2353 -369.24084 56.97061
-623.6114 -376.14597 57.694515
-623.59985 -382.94125 58.117493
-625.7453 -389.4331 58.715973
-631.74774 -393.25067 59.364132
-638.3177 -393.0168 59.712265
-644.83057 -393.12405 60.33455
-651.41486 -389.76028 61.486
-657.5938 -386.4412 62.810448
-663.8468 -383.08234 64.00434
-670.0504 -379.74997 65.10362
-676.18005 -376.45737 65.65617
-682.53174 -373.0455 65.68448
-688.74774 -369.7065 65.80709
-695.00073 -366.34766 65.9623
-701.2044 -363.0153 66.22364
-707.4975 -359.63483 66.491394
-713.6272 -356.34238 66.75934
-719.56915 -352.73315 66.85475
-725.3273 -349.46674 66.95583
-732.0043 -346.74625 66.69493
-738.4142 -344.14923 66.74635
-743.7862 -340.16992 67.12458
-747.8176 -338.73557 67.37544
-753.7356 -335.78842 67.23606
-759.76587 -332.45648 66.74004
-765.6476 -328.49292 66.64775
-771.22363 -324.07843 65.00096
-775.35974 -318.66254 63.750458
-781.8458 -316.92627 62.972218
-788.91266 -316.7152 62.195316
-795.81165 -316.5113 61.581444
-802.90656 -316.3016 60.558704
-809.9382 -315.26752 58.668
-816.7788 -313.69897 56.593723
-823.40076 -311.70374 55.027897
-830.3846 -309.59943 54.350666
-837.1808 -307.5517 54.648163
-843.8609 -305.66263 54.980602
-847.9338 -300.04004 57.26652
-852.606 -294.6052 59.60064
-858.1767 -290.84744 60.56
-864.34546 -289.43665 61.3539
-870.40533 -286.78995 62.48068
-877.5146 -287.95474 65.268684
-884.4097 -289.45273 65.36346
-891.2502 -290.9388 65.204834
-898.118 -292.43085 65.00504
-905.1773 -293.96448 64.81399
-911.937 -295.59897 64.90655
-917.3122 -299.99515 65.2693
-922.4145 -304.62976 65.83984
-928.8466 -306.37122 66.10081
-936.20557 -306.64517 66.2062
-943.00696 -306.817 65.64349
-950.2866 -306.76645 64.73172
-957.2163 -306.69775 65.30554
-964.4539 -306.626 66.08832
-971.5236 -306.5559 65.73512
-978.74725 -306.4843 64.924095
-985.6577 -306.58047 63.34243
-992.8358 -307.78845 62.05804
-999.56195 -309.45358 62.96631
-1006.4873 -311.3553 62.873318
-1013.1231 -313.3038 61.85382
-1020.14246 -315.38727 59.719967
-1026.853 -317.37915 58.544556
-1033.4832 -319.3471 58.08898
-1040.3683 -321.39075 57.856106
-1047.1326 -323.39856 57.42616
-1054.0848 -325.46213 57.210785
-1060.8625 -327.4739 56.5213
-1067.7074 -329.50558 56.49951
-1074.5254 -331.52933 55.881638
-1081.236 -333.41833 55.003334
-1087.3905 -336.23257 54.49621
-1093.8439 -338.42282 54.51403
-1101.5865 -340.04132 54.260742
-1108.548 -341.49655 53.929996
-1115.3999 -342.9289 53.71194
-1122.3203 -344.37552 52.764915
-1129.323 -345.83936 51.578968
-1136.2297 -347.2831 51.07235
-1143.1912 -348.73834 51.037693
-1149.9335 -350.14777 51.20396
-1157.265 -351.68033 51.51347
-1164.0148 -353.56873 51.766953
-1170.6592 -356.0247 51.896057
-1177.425 -358.5958 52.33452
-1184.0339 -361.1072 52.432625
-1190.5135 -363.47992 52.49197
-1197.4918 -364.80276 53.50305
-1204.6599 -364.73956 54.63877
-1211.6294 -365.2388 56.075565
-1218.6912 -366.01883 57.213608
-1225.8334 -366.39355 58.038525
-1232.6643 -364.79044 58.87587
-1239.0519 -361.76596 59.78685
-1243.7782 -356.39124 59.811665
-1245.9856 -349.73117 59.478683
-1245.3748 -342.7986 59.35973
-1243.1221 -336.09033 59.50214
-1239.6127 -329.9532 59.668835
-1235.6575 -323.98373 60.447525
-1230.7369 -318.3368 61.528248
-1226.129 -313.04874 63.384823
-1221.4708 -307.69305 65.94621
-1216.84 -302.1657 68.569244
-1212.5499 -296.6524 70.61462
-1210.922 -294.43326 71.02518
-1209.8473 -292.8799 71.226776
-1208.9379 -291.1564 71.41173
-1208.1279 -289.44452 72.334694
-1207.3197 -287.73605 72.7629
-1206.4868 -285.97546 71.95259
-1204.9257 -284.4007 72.02841
-1203.2916 -282.58984 72.04735
-1202.1079 -280.4094 72.0727
-1201.122 -278.11865 72.16845
-1200.6554 -275.8186 72.30745
-1200.9664 -273.8814 72.50565
-1200.5167 -271.98874 72.51867
-1200.165 -270.1356 72.507454
-1199.8679 -268.2654 72.438
-1199.8435 -266.35443 72.403885
-1200.0999 -264.47824 72.35391
-1200.3718 -262.61172 72.31837
-1200.7279 -260.69873 72.34992
-1201.4662 -258.9523 72.4113
-1202.5066 -257.38498 72.44622
-1203.675 -255.88556 72.461914
-1204.9249 -254.36845 72.51393
-1206.5807 -253.82988 72.575195
-1208.3635 -253.33241 72.627754
-1210.0913 -252.89407 72.68909
-1212.0096 -252.7467 72.76293
-1213.8904 -252.60223 72.815895
-1215.8087 -252.45485 72.91169
-1217.7018 -252.3223 73.031
-1219.9014 -252.18803 73.205605
-1222.3224 -252.04025 73.3703
-1224.8461 -251.88622 73.3703
-1227.3112 -251.73575 73.3703
-1229.7468 -251.58708 73.3703
-1232.9993 -251.38853 73.32642
-1237.576 -252.011 73.32642
-1242.6046 -252.31215 73.32642
-1245.7222 -256.04572 73.32642
-1248.7334 -259.91125 73.36702
-1251.7234 -263.78082 73.37057
-1254.7034 -267.76874 72.90336
-1257.6344 -271.7199 72.95475
-1260.653 -275.78915 73.67913
-1263.6139 -279.66855 75.15128
-1267.3369 -283.06033 77.94181
-1271.5891 -285.53308 81.64856
-1276.2975 -286.7694 84.96914
-1281.2 -287.80225 87.41539
-1286.0245 -288.35953 89.0108
-1290.9744 -288.18137 90.15734
-1295.9667 -288.341 90.542816
-1300.8494 -288.7531 90.65116
-1305.8981 -289.1799 92.309006
-1310.7697 -289.5917 90.61533
-1315.6522 -290.00446 92.10455
-1320.7203 -290.4329 90.55163
-1325.5958 -290.84503 92.22378
-1329.6918 -291.1913 90.69045
-1336.0189 -293.3708 90.98043
-1342.5541 -292.9692 91.02321
-1348.9802 -296.20328 90.88112
-1355.0868 -299.3899 91.05302
-1361.505 -302.73596 91.56746
-1367.8354 -305.94617 91.398415
-1374.1914 -309.1682 91.48906
-1380.6473 -312.44092 90.58079
-1386.9373 -315.5105 89.3427
-1393.5785 -317.64914 88.69612
-1400.8007 -317.79474 88.76342
-1407.7424 -316.99078 88.78863
-1414.8103 -315.51523 88.712456
-1421.5499 -313.66412 89.42772
-1428.5054 -311.66132 90.117615
-1435.3903 -310.20337 92.23723
-1442.3918 -311.57443 93.71715
-1449.0299 -313.79617 95.875465
-1455.8728 -316.11163 97.850555
-1462.4763 -318.4338 99.430756
-1469.257 -320.9447 99.6998
-1475.7852 -323.56827 99.970406
-1482.2317 -326.18668 100.479
-1488.8314 -328.87424 100.795425
-1485.3254 -327.62222 100.658875
-1478.6497 -325.01178 100.25469
-1471.9882 -322.4429 99.80937
-1468.1432 -321.0964 99.65207
-1461.7454 -318.86444 99.34106
-1455.1008 -316.75708 97.78327
-1448.2865 -314.5806 95.826
-1441.5531 -312.2053 93.63846
-1434.5348 -310.9932 91.84774
-1427.722 -312.7021 89.94615
-1421.1776 -315.26343 89.26815
-1414.2471 -316.69113 88.6761
-1407.3566 -316.92447 88.79211
-1400.6317 -319.1983 88.77898
-1394.3405 -318.61618 88.60291
-1387.6705 -315.46234 89.28255
-1381.4917 -312.45047 90.43961
-1374.9602 -309.20364 91.34655
-1368.5917 -306.03787 91.33648
-1362.2356 -303.76288 91.61105
-1355.873 -300.92075 91.32861
-1350.5392 -296.19452 90.7014
-1348.292 -290.04868 90.820496
-1349.9193 -283.04077 92.28174
-1351.8884 -276.35233 95.68578
-1354.1047 -269.46207 97.724976
-1356.3143 -262.79047 99.35649
-1358.5071 -256.17227 100.97703
-1360.9102 -249.87779 99.371346
-1364.4897 -248.68329 99.36675
-1367.5182 -247.83527 99.3703
-1368.9742 -247.42757 99.3703
-1372.099 -246.12206 99.3703
-1373.816 -246.30096 99.3703
-1375.5812 -246.44191 99.365746
-1378.1532 -245.8603 99.36394
-1380.3381 -244.41435 99.369835
-1382.3314 -242.8923 99.369835
-1381.556 -243.96402 99.369835
-1379.8431 -245.88333 99.369835
-1377.2148 -246.18944 99.3622
-1373.8539 -246.57417 99.370255
-1369.6935 -246.62328 99.370255
-1365.9258 -247.01772 99.36352
-1362.101 -246.51784 99.36389
-1358.3152 -245.29271 99.36441
-1354.7222 -243.85973 99.37031
-1351.1522 -241.80396 99.37031
-1348.5292 -238.41484 99.367294
-1346.7278 -234.83223 99.369484
-1346.5315 -232.99341 99.369484
-1347.3253 -228.96254 99.369484
-1349.5542 -225.74754 99.37063
-1349.1552 -227.43362 99.37067
-1347.2004 -231.07571 99.37067
-1347.6143 -235.01192 99.368935
-1349.8073 -238.55263 99.36761
-1351.9252 -241.4614 99.370155
-1353.0928 -242.83022 99.370155
-1356.5151 -245.3296 99.3656
-1357.2911 -249.0618 99.370094
-1356.3103 -253.10965 99.370094
-1355.1812 -257.27417 99.35978
-1354.0791 -261.27344 99.356514
-1352.9438 -265.39316 98.876434
-1351.8064 -269.52094 98.56053
-1350.691 -273.5684 99.03106
-1349.582 -277.59225 94.697945
-1348.4867 -281.56744 95.827545
-1347.3292 -285.76746 93.56649
-1346.4658 -288.90045 91.45763
-1345.746 -291.5126 92.31094
-1344.9373 -292.7259 90.89448
-1343.1232 -292.5797 90.955536
-1336.0201 -292.00742 90.89013
-1328.9869 -291.44073 90.66685
-1321.7936 -290.68393 90.59638
-1314.9944 -291.26764 90.43078
-1308.0686 -290.76434 90.687004
-1300.8497 -290.23972 90.60796
-1293.8304 -289.68726 90.50104
-1286.7432 -288.62534 89.24091
-1280.0029 -286.7171 86.851204
-1273.4335 -283.75095 82.2148
-1267.534 -279.9888 76.791245
-1261.6235 -275.7158 73.818886
-1256.6261 -270.59018 72.91011
-1252.3838 -265.03735 73.37025
-1248.1798 -259.14545 73.35334
-1242.6187 -254.95122 73.326294
-1237.0253 -251.42169 73.326294
-1230.0419 -251.885 73.37027
-1222.8436 -252.49493 73.37027
-1215.8846 -253.33264 72.88299
-1209.0669 -255.38914 72.61374
-1203.2832 -259.4309 72.341255
-1200.3883 -265.85547 72.410164
-1200.5872 -272.9202 72.49262
-1202.6954 -279.84897 72.11877
-1206.1082 -286.0373 71.96964
-1209.6221 -292.0421 71.31519
-1212.4032 -298.72134 70.385735
-1214.6294 -305.49066 68.53701
-1217.313 -312.18814 66.12794
-1221.7855 -317.55225 63.896183
-1228.1014 -320.55707 61.698105
-1234.7468 -321.3838 60.78929
-1238.8688 -327.12543 59.94501
-1243.663 -332.0728 59.6824
-1246.7285 -338.50143 59.262527
-1247.7527 -345.65964 59.330437
-1246.7323 -352.5578 59.50512
-1243.2742 -358.77942 59.82998
-1238.8584 -364.03436 59.51997
-1232.9854 -367.8694 58.572174
-1226.026 -367.00955 58.003826
-1218.8727 -366.0086 57.239525
-1211.8221 -365.1889 56.126007
-1204.5695 -364.29974 54.650745
-1198.3851 -365.98074 53.644947
-1191.6478 -364.60995 52.53302
-1185.075 -362.0827 52.394596
-1179.3368 -358.64185 52.41368
-1172.719 -356.02823 52.047153
-1165.8813 -354.34418 51.73308
-1158.8398 -352.66904 51.59891
-1151.9346 -351.02628 51.20233
-1144.9612 -349.36734 51.0759
-1138.2247 -347.7414 51.064335
-1131.2966 -345.95776 51.385563
-1124.3572 -344.16223 52.360306
-1117.4177 -342.3667 53.372383
-1110.6104 -340.67734 53.784664
-1103.5674 -339.0091 54.04582
-1096.6781 -337.42725 54.466614
-1089.801 -335.84818 54.52971
-1082.7467 -334.2284 54.795612
-1075.8918 -332.65445 55.59429
-1069.0011 -331.07227 56.360565
-1061.996 -329.46378 56.22539
-1055.269 -327.9192 57.172737
-1047.6279 -326.1647 57.991028
-1040.7781 -324.5919 58.699768
-1033.9829 -323.03165 58.72196
-1027.8335 -320.16223 58.42874
-1023.47845 -314.46942 59.221024
-1017.8016 -311.18652 60.636135
-1011.82367 -308.60843 62.48249
-1004.716 -308.36258 63.234016
-997.0902 -308.1087 62.820034
-989.8422 -307.86743 62.069088
-982.9848 -307.69824 63.855797
-975.80316 -307.62845 65.12707
-968.6075 -307.55853 65.89978
-961.6638 -307.4911 65.87412
-954.5241 -307.42172 64.8164
-947.27246 -307.35126 65.03155
-940.2028 -307.28256 66.02167
-933.1331 -307.21387 66.17674
-926.18945 -307.14642 65.998024
-919.0078 -307.07663 65.86115
-911.92413 -307.0078 65.7656
-904.9135 -307.13797 66.37647
-897.80383 -307.27646 66.206024
-890.6057 -307.86658 66.13363
-883.4247 -308.65128 65.59447
-876.5279 -309.84354 60.43544
-869.4058 -311.12744 56.230877
-862.35785 -312.1465 55.09987
-855.6713 -314.44113 54.631046
-849.1674 -317.10355 53.404892
-842.50824 -319.75598 52.32454
-835.9452 -322.37012 52.93658
-829.4212 -324.78836 53.70468
-822.5602 -327.305 54.36965
-815.8832 -329.75412 55.11014
-809.2193 -332.19843 56.732113
-802.67377 -334.59937 58.818752
-795.7453 -336.42453 61.448864
-788.59375 -336.85587 63.569214
-781.6991 -336.5734 65.12586
-774.5778 -336.05692 66.33305
-767.5788 -335.62326 67.030174
-760.4404 -336.56778 66.84872
-753.5112 -338.22614 67.28298
-746.8659 -340.3701 67.0735
-740.2096 -343.27493 66.63377
-733.80817 -346.30035 66.83288
-727.51196 -349.60107 67.11698
-721.26514 -353.1164 66.93746
-715.1775 -356.48557 66.74788
-708.91296 -359.82275 66.5438
-702.5356 -363.21625 66.30847
-696.3227 -366.40985 66.0376
-689.92975 -369.58936 65.856094
-683.5994 -372.7377 65.65771
-677.9679 -376.73953 65.65898
-672.0878 -380.16925 65.34035
-666.1559 -383.40607 64.29568
-659.75244 -386.12704 63.177483
-653.1699 -388.3383 61.87481
-646.4116 -390.59753 60.67613
-639.9017 -392.94925 59.71884
-633.2536 -391.31616 59.66012
-626.8119 -387.89618 58.84912
-624.33093 -381.56802 58.057045
-622.4903 -374.68384 57.510895
-620.6642 -367.85373 57.048035
-618.82 -360.95602 56.467297
-616.90625 -354.27106 55.795914
-612.80096 -348.29407 55.71725
-608.48376 -342.9108 54.681843
-603.8257 -337.58908 53.10312
-599.09534 -332.20355 50.582336
-594.7841 -326.8062 49.819393
-590.8369 -321.34384 49.0528
-583.8459 -321.3185 47.63713
-578.87555 -321.76965 46.32413
-575.4251 -322.50446 45.488102
-571.88196 -323.27496 44.14855
-568.4482 -324.02167 42.717476
-565.04865 -324.76093 41.356426
-561.56854 -325.64352 40.198433
-558.3484 -326.99704 39.344753
-555.07666 -328.37225 38.832813
-551.7792 -329.75833 38.5174
-548.559 -331.11185 38.226875
-545.22925 -332.51147 37.902603
-541.95105 -333.8894 37.654167
-538.65497 -334.91348 37.24675
-535.12805 -335.72348 36.357414
-531.6211 -336.30814 35.63958
-528.2486 -336.29672 35.073067
-524.74664 -337.11487 34.58326
-521.3626 -337.71567 34.335342
-517.5029 -338.31534 35.92772
-514.17535 -338.82004 33.951256
-512.5963 -337.4887 33.80022
-508.7003 -331.6195 33.54967
-505.6587 -325.0738 33.121075
-502.94583 -318.60565 32.37462
-500.31564 -312.07346 31.78926
-497.6846 -305.39078 31.605696
-495.4997 -298.90234 31.10578
-495.10123 -291.9088 30.320824
-490.80194 -287.06635 29.058989
-484.49536 -284.8186 27.78272
-477.5224 -283.49213 26.107462
-470.64572 -282.18393 24.451353
-463.68652 -280.86005 23.050867
-456.80988 -279.55185 22.258768
-449.772 -278.7573 21.316847
-442.97586 -280.6069 21.347424
-435.86575 -281.99164 20.791143
-429.02774 -282.68918 20.092844
-421.79797 -283.25052 18.642092
-414.8738 -283.93604 16.756807
-407.7546 -284.64084 14.816242
-400.81653 -285.3277 13.466958
-393.93417 -286.00906 12.690668
-386.8707 -286.70834 11.977673
-379.60828 -287.4951 11.56075
-372.8345 -289.20395 11.349559
-366.04715 -290.91623 10.936489
-359.18497 -292.61752 10.228882
-352.18036 -294.32623 9.15684
-345.39337 -295.98184 8.172892
-338.52478 -297.65735 7.266673
-331.4658 -299.37933 6.754984
-324.7661 -300.25043 6.667532
-318.17865 -297.8506 6.667532
-311.41663 -295.7391 6.667532
-304.7292 -293.62396 6.667532
-297.9905 -291.48502 6.667532
-291.2193 -289.17636 6.667532
-284.67188 -290.16617 6.6884136
-278.42255 -293.2255 6.7788773
-271.9217 -296.40793 6.807919
-265.52148 -299.54114 6.7742667
-259.36014 -302.55737 6.765251
-252.8719 -305.73364 6.7615743
-246.63513 -308.78683 6.6675496
-240.13431 -311.96927 6.6675496
-233.79694 -315.0717 6.6675496
-227.43443 -318.1864 6.738337
-221.23538 -321.22113 7.4726777
-214.65912 -324.4405 8.073085
-208.4475 -327.48135 8.232326
-202.03468 -330.6207 8.042399
-195.74138 -333.7015 8.247953
-189.2657 -336.87164 8.956361
-182.72714 -340.07254 9.28688
-176.30176 -343.21805 9.629633
-169.98955 -346.30817 10.158065
-163.75822 -349.43448 10.539399
-157.43163 -352.80374 10.717936
-151.18495 -356.2037 10.376791
-144.92598 -359.61035 8.929916
-138.6916 -363.0036 8.446491
-132.49411 -366.37677 8.582408
-126.382706 -369.7031 9.885698
-120.19752 -373.06958 11.621398
-115.25301 -377.6881 12.787874
-109.1662 -381.00104 13.687233
-103.38681 -384.4997 14.172485
-96.30854 -385.1167 14.340248
-89.37124 -384.41052 14.537334
-82.36612 -383.6908 14.699613
-75.4167 -382.9768 14.6578865
-68.39586 -382.8481 14.485293
-61.67776 -380.90292 13.76062
-55.38092 -382.9252 14.41914
-51.06667 -388.71503 17.240639
-46.875763 -394.3393 19.724333
-42.66824 -399.98587 23.213585
-38.121346 -405.53647 27.980164
-33.064648 -410.45547 32.468254
-27.039423 -413.63327 37.00095
-20.1554 -415.46713 41.322624
-13.053945 -415.7919 44.29929
-6.7631145 -412.5902 45.240334
-0.8391676 -408.86102 45.592896
5.203259 -405.05725 45.270584
11.198294 -401.2833 45.330853
17.070353 -397.6587 45.60667
23.635769 -394.48294 45.752193
30.230997 -392.61597 45.700302
37.38057 -392.01657 45.74976
44.485455 -391.70013 45.635986
51.52434 -391.49677 45.51689
58.508957 -391.35767 45.392624
65.75952 -391.21326 45.071785
72.82812 -391.0725 45.1748
80.0087 -390.9295 45.047398
86.96532 -390.791 45.043118
94.14589 -390.64798 45.095257
101.09187 -389.44977 45.10314
107.75355 -387.31906 44.9671
114.411316 -385.06924 44.335674
120.62065 -382.27127 43.17352
127.35393 -384.28967 42.66661
134.02278 -386.79947 42.244473
140.75652 -389.41534 42.408577
147.32004 -391.96512 42.731667
153.81888 -394.48975 42.960052
160.55263 -397.10565 42.87629
166.84268 -399.54916 42.75612
173.76917 -402.12732 42.651943
178.95999 -406.1127 42.723843
185.09012 -408.56702 42.817932
192.22118 -409.71762 43.099648
199.12602 -410.42856 42.92363
206.26459 -410.46335 42.295105
211.67757 -415.1124 41.312588
217.80617 -418.56326 40.283276
224.23656 -418.4711 39.5059
231.03021 -416.27432 38.650814
237.78389 -414.09042 37.165897
244.61751 -411.8807 35.18901
251.2644 -409.516 32.206238
257.57413 -406.56848 27.81983
263.64078 -402.72894 22.845413
269.26312 -398.4194 17.599894
274.7837 -394.1842 12.882
280.55148 -389.95642 8.6062765
286.0447 -386.38733 5.8340163
289.22778 -384.32068 4.637307
289.91257 -383.87607 4.3853126
291.09195 -383.11035 3.9713106
293.10226 -383.1591 3.34673
295.22382 -383.26547 3.766264
296.47226 -383.32806 3.8568802
299.70816 -383.57068 1.3859576
304.56097 -383.98636 0.30348825
309.56027 -384.41455 -0.40228865
314.50098 -384.83774 -0.78422743
318.10782 -385.2092 -0.8306252
319.9727 -385.4133 -0.7588201
327.09814 -386.1931 -0.47815672
334.12674 -386.95712 -0.6857433
341.25787 -387.6832 -0.45581484
348.15244 -388.383 -0.41962364
355.25595 -389.104 -0.42314607
362.16446 -389.8052 -0.11710105
369.22617 -390.52197 -0.22366133
376.0509 -391.678 -0.744204
382.2515 -394.79117 -1.0849018
389.18948 -392.8838 -1.1070751
395.78394 -390.79968 -1.2431462
402.5755 -388.5519 -1.2431462
409.09857 -386.29697 -1.2428068
415.93866 -383.88763 -1.2428068
422.6995 -381.5062 -1.2428068
429.4471 -379.1294 -1.2428068
436.05524 -376.7787 -1.2428068
442.51764 -373.84592 -1.2428068
448.75995 -370.90125 -1.2428068
455.17062 -367.73215 -1.2438644
461.3848 -364.0223 -1.2438644
467.2352 -360.33392 -1.2438644
473.3935 -356.45145 -1.2438644
479.13235 -352.8225 -1.2438644
485.2185 -348.77722 -1.2438644
491.0351 -344.88272 -1.231689
496.9913 -340.89474 -1.1703576
502.65314 -337.09625 -1.0851264
508.7071 -333.0826 -1.0844207
513.1573 -328.13437 -1.0844628
519.77423 -326.57266 -0.9005245
525.9036 -324.5942 0.3118642
532.9792 -324.8151 2.6092083
540.0025 -326.15152 5.766245
546.9107 -327.6555 9.488482
553.7809 -328.99472 13.8290205
560.84937 -330.12344 18.014568
567.8544 -331.1782 22.110554
574.94666 -332.1148 26.375158
581.39966 -333.69965 29.234898
587.2916 -337.53754 30.12835
594.1334 -339.08112 30.13494
601.22144 -338.7065 30.164425
608.18286 -337.32495 30.19426
613.2537 -333.68002 30.242876
619.1057 -330.49875 30.1336
624.75385 -326.5174 30.283356
628.9298 -321.51862 30.1336
629.4937 -318.19208 30.1336
629.833 -316.19064 30.1336
630.53265 -312.06354 30.1336
630.86725 -310.0897 30.1336
631.1059 -308.68176 30.1336
632.0395 -303.17432 30.199757
633.2351 -296.121 30.166613
634.4401 -289.0124 30.133602
634.9985 -282.2273 30.136425
635.2635 -275.31635 31.770397
635.5125 -268.69806 30.468904
635.44916 -264.89594 32.305443
635.32465 -261.98428 32.148697
635.2138 -260.98874 32.37163
635.00793 -259.1404 33.668804
634.7979 -257.25452 33.701675
634.58813 -255.37025 33.629745
634.3694 -253.40547 35.354103
634.1898 -251.7934 34.341995
634.10565 -251.23723 35.28521
633.935 -250.10931 35.528694
633.6625 -247.74953 35.128918
632.9609 -243.62802 35.818604
632.0679 -238.86989 36.566456
631.30554 -233.97064 37.226902
630.5701 -228.97752 37.78119
629.8547 -224.12013 38.245476
629.1357 -219.12468 38.620693
628.48895 -214.19835 38.86295
627.86774 -209.46635 39.026966
627.2103 -204.53157 39.09896
626.52625 -199.62018 39.046978
625.826 -194.59232 38.91092
625.17847 -189.943 38.683914
624.47546 -184.8957 38.329742
623.78064 -179.90666 37.880577
623.09796 -175.00497 37.34499
622.422 -170.15182 36.67421
621.74744 -165.30838 35.925053
621.0553 -160.33875 35.061855
620.36584 -155.38852 36.41865
619.6831 -150.48683 34.35232
620.1171 -145.50821 33.427227
620.79065 -140.74377 33.47082
621.3758 -136.89749 33.4713
621.4985 -135.3075 33.48764
621.76825 -131.42346 33.593822
622.0334 -127.60729 33.926533
622.59717 -123.80479 34.662918
623.37036 -120.67847 35.48602
624.09644 -117.74292 36.187595
625.88806 -110.889694 37.975906
628.9858 -105.22467 39.547863
630.3889 -98.777725 40.863857
631.0445 -91.457016 41.360474
631.65015 -84.694084 41.42432
632.2982 -77.45705 41.46486
632.9128 -70.59388 41.582184
633.43787 -63.31895 41.393017
634.08875 -56.44747 41.959534
634.88635 -49.474014 42.655975
634.95953 -48.806065 42.807716
635.0485 -48.738026 42.83821
640.6088 -44.48564 44.55784
643.5428 -41.16418 45.685234
640.4731 -41.781303 44.99604
638.52716 -44.682022 46.558086
636.41754 -47.850735 43.253323
634.6813 -50.921837 44.523647
633.07556 -53.785336 43.13842
632.62134 -54.595226 41.975574
632.47797 -55.00789 41.970768
632.31537 -56.91287 41.95427
632.34863 -58.851715 41.857037
632.389 -60.82068 41.577793
632.43274 -62.725296 41.403873
632.47675 -64.637474 42.98069
632.51917 -66.480286 41.303032
632.5631 -68.392456 41.38461
632.6075 -70.31975 43.057537
632.6167 -72.197136 41.575775
632.43524 -74.18851 43.074833
632.26154 -76.09435 41.5379
632.16 -77.94258 41.430973
632.17786 -79.9302 41.412373
631.98724 -82.40184 41.414516
631.73645 -84.946915 41.428234
631.3172 -87.40055 41.397125
630.7587 -89.73737 41.391975
630.0615 -92.21336 41.31775
629.31165 -95.780594 41.102345
628.3472 -100.61472 40.402756
627.3521 -105.60263 39.310303
626.39343 -110.407936 38.15568
625.40027 -115.38623 36.894405
624.4263 -120.268425 35.620594
623.48486 -124.98723 34.48271
622.48975 -129.97513 33.769558
621.5426 -134.72278 33.493782
620.5754 -139.67458 33.451786
619.01416 -144.12239 33.421764
618.8341 -148.65543 33.368935
619.10706 -153.57042 33.897808
619.7449 -158.33975 35.04291
620.4024 -163.25618 35.54155
621.0753 -168.2878 37.32735
621.7294 -173.17833 37.80759
622.3802 -178.04482 38.028862
623.0467 -183.02866 39.402386
623.6945 -187.8729 38.548767
624.3648 -192.88507 38.82018
625.00916 -197.70299 39.013702
625.7881 -202.58932 39.091274
626.6708 -207.54857 40.743046
627.5317 -212.38544 38.949944
628.40405 -217.2868 40.502193
629.04047 -220.86237 38.493965
629.81177 -227.4111 37.954697
630.6502 -234.52989 37.169746
631.45593 -241.3706 36.21957
632.3124 -248.64235 34.996864
633.1181 -255.48306 33.653385
633.94995 -262.54623 32.05999
634.78845 -269.66504 30.133375
635.60065 -276.56137 30.14667
635.52423 -283.78915 30.142477
634.9521 -290.7344 30.13437
633.8134 -297.7257 30.13437
631.03107 -304.31137 30.133566
627.5134 -310.3146 30.133657
623.9491 -316.38797 30.133657
620.3352 -322.54584 30.133657
616.297 -328.31363 30.143236
610.6042 -332.29855 30.654785
603.6537 -333.7709 30.711294
596.4921 -333.83667 30.760994
589.6805 -333.18265 30.319557
582.4878 -331.8925 29.541342
575.71747 -330.62454 26.584072
568.5619 -329.28442 22.253101
561.7366 -328.00616 18.275341
554.26447 -326.60675 13.954315
551.42975 -326.07587 12.105179
