551.13513 -326.10345 11.916189
548.34937 -326.06815 10.135578
541.3499 -325.97943 6.324448
534.43445 -325.89178 3.3475442
528.02014 -323.44824 0.8485162
521.48883 -323.4358 -0.7432033
515.7199 -327.5221 -1.0826178
509.87793 -331.7237 -1.0842847
504.0814 -335.8926 -1.0842847
498.3303 -340.0288 -1.0862737
492.63605 -344.12415 -1.2173681
486.9418 -348.21945 -1.2438489
481.2021 -352.34747 -1.2438489
475.41693 -356.5082 -1.2438489
469.61 -360.18286 -1.2438489
463.18878 -363.66705 -1.2438489
456.7073 -366.1482 -1.2438489
450.1123 -368.49463 -1.391613
443.4381 -370.95135 -1.2438579
436.7863 -373.42828 -1.2438579
430.2657 -375.85635 -1.2437508
423.6139 -378.33328 -1.2437508
416.92276 -380.8249 -1.2437508
410.41528 -383.24808 -1.2437508
403.7635 -385.725 -1.2437508
396.97986 -388.24918 -1.2437508
390.10468 -389.995 -1.2437508
383.59198 -391.4715 -1.0574926
376.83347 -393.00375 0.507553
371.9127 -394.08386 -0.5237384
369.24152 -394.43018 -0.47205245
366.58984 -394.76276 -0.48606256
363.88596 -395.00143 -0.54299384
361.73013 -393.74292 -0.4570516
359.38278 -393.02475 -0.5223598
357.0135 -392.3026 -0.67854834
354.91113 -390.55203 -0.605682
352.8294 -388.86774 -0.40934142
350.41635 -388.41455 -0.34266287
347.7129 -388.35135 -0.43252775
344.98303 -388.28458 -0.48611584
342.31668 -388.21936 -0.49202314
339.68192 -388.16364 -0.4910254
337.0153 -388.20456 -0.39255297
334.33878 -388.2863 -0.5181812
331.68344 -388.36737 -0.25804448
328.96463 -388.45038 0.08145917
326.3516 -388.53015 0.15623115
323.6592 -388.61237 0.26160306
320.9426 -388.69733 0.3624807
317.10382 -387.59702 -0.3813628
313.42584 -385.93246 -0.52370846
309.42752 -385.16278 -0.2967739
305.6189 -386.8069 0.39893588
301.8189 -388.55154 2.0456736
298.01358 -390.6481 4.410197
294.3803 -392.5966 6.8671784
290.61627 -394.56638 9.669555
286.8037 -395.56433 11.113261
283.09528 -397.37872 12.648387
279.37552 -399.32535 14.554991
275.58194 -401.31058 16.688004
271.89172 -403.24176 19.03699
268.1572 -405.19608 21.845133
264.47433 -407.12338 24.416018
260.6556 -409.00223 26.938208
256.69022 -410.4976 29.46519
252.78757 -411.73846 31.766151
248.66754 -412.53717 33.732643
244.41393 -413.31012 35.171963
240.32422 -414.05325 36.378773
236.30287 -414.6181 37.571354
232.72906 -416.74496 38.266987
229.15373 -418.9913 38.953148
225.52586 -420.27603 39.326244
221.3461 -418.96292 39.75601
217.53966 -417.7389 40.334534
213.50325 -416.44092 40.933914
209.60959 -415.18884 41.63021
205.81743 -413.9694 42.22864
203.29846 -413.15936 42.588444
200.76678 -412.30365 42.884468
198.2446 -411.40424 43.022057
195.6925 -410.49417 43.097477
193.21019 -409.60898 43.039734
190.64314 -408.69357 42.93418
188.18576 -407.81726 42.816452
185.65858 -406.91608 42.71952
183.19122 -406.03622 42.73587
180.62418 -405.12082 42.68714
178.06212 -404.20718 42.606113
176.39728 -403.61353 42.59505
171.3336 -401.80783 42.711864
164.70071 -399.44254 42.703903
158.02826 -397.06317 42.845367
151.3485 -394.7514 42.783325
146.1273 -390.54407 42.76045
141.381 -385.2152 42.839104
137.35616 -379.3403 43.19046
133.86348 -373.19455 43.680813
130.44618 -366.9069 43.712173
127.07061 -360.74265 43.653034
123.686516 -354.63098 43.243168
120.221054 -348.37238 42.53374
116.74202 -342.08926 41.620213
113.357925 -335.97763 40.521347
109.9128 -329.75577 39.23955
106.56941 -323.71762 37.60528
103.12428 -317.49573 35.822742
99.543526 -311.02893 33.965588
96.10518 -304.81927 32.184933
92.69397 -298.65866 30.424845
89.19255 -292.40408 28.627808
88.289696 -285.5628 26.99876
85.74813 -278.95462 25.241064
82.43089 -272.66364 23.484983
78.97967 -266.34927 21.66205
75.043945 -261.01312 19.796629
68.19313 -259.10342 18.746607
61.30187 -257.18243 17.762726
54.774723 -255.36296 16.876808
47.789055 -253.41565 15.957692
41.154022 -251.5661 15.13478
34.168358 -249.6188 14.30585
27.277092 -247.69781 14.129452
20.994047 -244.98323 14.145001
14.363749 -243.33568 13.164646
7.3292637 -241.63142 12.238111
0.49640942 -240.11118 11.661857
-6.325938 -238.60791 11.08982
-13.299041 -237.0732 10.64699
-19.319628 -233.87431 10.148452
-25.696444 -233.08813 9.849991
-32.74105 -234.06233 10.194041
-39.673904 -235.12616 10.237404
-46.842007 -236.22609 10.140078
-53.788696 -237.29204 9.970646
-60.8461 -238.37498 9.46257
-67.61289 -239.41333 9.129975
-74.80867 -240.5175 8.592585
-81.7692 -241.58557 8.375215
-88.673294 -242.54277 8.401574
-95.85082 -242.6605 8.890417
-102.91714 -242.44077 9.446887
-110.10734 -242.15182 9.851276
-116.75191 -241.88329 9.735624
-124.06126 -241.45505 9.322903
-131.34045 -240.99055 8.915011
-138.35419 -240.543 8.245053
-145.1948 -240.03304 7.7150145
-152.3913 -239.40327 7.3919444
-159.1136 -238.815 7.7288165
-166.49141 -238.16939 9.363566
-173.56238 -237.55061 10.254868
-180.32654 -236.95868 9.212364
-187.60672 -236.32161 7.121533
-194.66374 -235.70406 6.6675253
-201.87419 -235.07307 6.6675253
-208.49889 -234.49356 6.6675253
-216.0109 -234.40927 6.6675253
-222.67467 -235.75299 6.6675253
-229.42926 -237.9334 6.6675253
-236.12883 -240.19185 6.6675253
-242.83218 -242.5256 6.6675406
-249.52565 -244.88759 6.6675406
-256.13635 -247.23166 6.66994
-262.7446 -249.62413 6.6899877
-269.613 -252.12048 6.722064
-276.19196 -254.51163 6.7297997
-282.58463 -257.07184 6.6924257
-289.30548 -259.94186 6.667595
-295.86157 -262.2633 6.667595
-301.98694 -258.8771 6.667595
-299.6729 -252.37253 7.4636765
-296.65494 -245.8251 8.700759
-293.9002 -239.54251 9.893666
-291.26343 -233.02304 10.272367
-289.8454 -225.94023 9.8600645
-290.50363 -219.02316 9.256785
-291.8519 -212.01242 8.52323
-293.50375 -205.15489 8.174485
-296.36362 -198.63199 8.530466
-300.01694 -192.58078 8.944397
-303.6343 -187.11443 9.156195
-308.93076 -182.69269 9.233193
-316.04205 -181.68846 9.252316
-323.05786 -180.94466 9.259011
-330.26862 -180.54268 9.279359
-337.12912 -180.99197 9.35591
-344.33435 -182.12657 9.368759
-351.16684 -183.20247 10.3394
-358.07242 -184.28989 11.664306
-365.3053 -185.42885 12.526211
-372.2616 -186.52425 13.031867
-379.1349 -187.60658 13.540043
-386.25714 -188.72812 14.628615
-393.37936 -189.84966 16.437412
-400.33566 -190.94505 19.933886
-407.44406 -192.0644 23.603397
-414.39987 -193.1628 26.284552
-421.18134 -194.19728 26.352781
-428.45126 -195.05536 26.637733
-435.43005 -195.59966 29.226456
-442.3332 -196.01881 33.13382
-449.46564 -196.36821 37.86014
-456.60278 -196.53362 43.285835
-463.78275 -196.37083 48.598133
-470.65848 -195.6585 52.832005
-477.57822 -193.65752 54.965855
-483.92914 -190.99095 55.83973
-490.57394 -188.3404 56.967804
-497.1483 -185.73996 57.96895
-503.70062 -183.19832 58.76687
-507.68652 -181.67627 57.942047
-510.19427 -180.73735 57.950153
-512.72925 -179.87639 57.95568
-514.99115 -178.60458 57.95568
-517.4793 -178.11588 57.95568
-519.67426 -179.62 57.954174
-521.77234 -181.31775 57.955357
-523.5531 -183.18913 57.955357
-526.0247 -184.27548 57.955357
-527.5866 -186.19902 57.955357
-529.72235 -187.53427 57.9491
-532.1241 -188.39188 57.95301
-534.7352 -188.54654 57.95558
-537.3026 -187.73505 57.95558
-539.08453 -185.76959 57.95558
-538.76843 -183.33377 57.95558
-537.61444 -180.8832 57.95558
-536.5336 -178.49135 57.48465
-535.3891 -175.9888 57.012455
-534.28204 -173.56807 57.012455
-533.20795 -171.21953 57.003307
-532.08325 -168.76028 56.994053
-530.9454 -166.27219 56.9895
-529.8207 -163.81294 56.983562
-528.7377 -161.45105 57.954887
-527.6628 -159.03624 57.95523
-525.88043 -157.08017 57.95549
-523.4668 -156.12485 57.95549
-520.86536 -156.70973 57.95549
-519.41364 -158.7655 57.950996
-518.82074 -161.35506 57.948723
-518.2456 -163.92694 57.955547
-517.6661 -166.53038 57.955547
-517.09595 -169.19179 57.955547
-517.04193 -171.83975 57.95213
-516.43146 -174.40892 57.95523
-514.225 -175.86475 57.95539
-511.9566 -177.25758 57.95539
-509.64313 -178.67812 57.95385
-507.3702 -180.07372 57.942207
-504.96835 -181.37045 57.942207
-502.6327 -182.50912 57.75736
-499.99753 -183.30771 57.479538
-497.4935 -184.09488 57.456955
-495.02106 -184.92625 57.372036
-493.85468 -185.35773 57.322086
-489.25983 -187.69833 56.83536
-485.1371 -193.2145 56.29816
-484.9542 -200.43623 56.957874
-489.97403 -204.56088 57.304443
-496.63266 -207.35489 57.44462
-503.18637 -210.04318 57.045216
-509.60043 -213.01581 56.76128
-515.8682 -216.45573 56.703823
-521.33124 -220.68562 57.156986
-527.3616 -224.05763 57.423103
-531.4037 -229.3561 56.852753
-534.0191 -235.73958 56.92713
-536.4683 -242.32697 57.27046
-539.27155 -248.82152 56.448383
-542.7983 -255.00974 54.701622
-546.62494 -261.00443 53.285187
-550.7987 -266.76266 52.528656
-554.7998 -272.5727 52.30459
-558.94617 -278.36813 52.02516
-563.11395 -284.16544 51.74035
-567.28735 -289.57446 50.451916
-571.61694 -295.14597 49.16015
-576.0809 -300.89676 47.77856
-580.34314 -306.4672 46.946552
-584.6136 -312.04895 47.823402
-589.20184 -317.6463 48.69674
-593.6701 -322.99493 49.5278
-598.24774 -328.47443 50.362503
-602.60095 -333.68533 51.521763
-607.30426 -339.31528 53.359318
-612.5065 -343.57037 55.009624
-616.4327 -348.72852 55.35888
-618.98334 -355.15598 55.875717
-620.65625 -362.05276 56.501907
-622.34656 -368.8837 56.93745
-623.22107 -375.7854 57.648857
-626.71173 -381.7481 58.615448
-631.75946 -386.5741 59.885666
-637.32324 -391.2798 59.819855
-643.6712 -393.48636 60.099255
-649.94775 -390.52255 61.250687
-656.1926 -387.17847 62.502937
-662.4604 -383.78937 63.75744
-668.85187 -380.33337 64.908356
-674.9724 -377.02386 65.6302
-680.99445 -373.76764 65.71247
-687.4721 -370.26505 65.78422
-693.5065 -367.00217 65.921196
-700.01624 -363.6214 67.26219
-706.4004 -360.4243 66.80367
-712.5504 -357.55594 66.68341
-718.8719 -354.3945 66.86078
-719.7485 -352.45547 66.85275
-722.7718 -351.35052 66.96221
-726.3505 -350.0426 67.074104
-729.91504 -348.73987 66.9989
-733.3888 -346.88242 67.001465
-736.7382 -344.89755 66.82632
-740.0552 -342.93195 66.626114
-743.3326 -341.00372 66.87997
-746.6937 -339.19324 67.361145
-750.07135 -337.42996 67.64255
-751.788 -336.5363 67.41772
-754.63403 -335.49347 67.08991
-758.2787 -334.38235 66.59575
-761.5296 -332.99323 66.71134
-764.43384 -332.4869 66.59178
-766.4635 -332.6689 66.495674
-771.3924 -333.11444 66.098335
-771.13806 -333.49252 66.2084
-770.82153 -332.89288 66.074486
-771.2449 -332.59775 65.97054
-771.04913 -333.3421 66.185265
-771.4122 -332.9373 66.05481
-771.7266 -333.10355 66.06077
-770.72845 -333.13916 66.16558
-771.6575 -332.87366 66.01487
-771.5843 -333.40646 66.144035
-771.0334 -333.22046 66.15891
-771.055 -332.6434 65.990166
-771.7242 -333.1476 66.071045
-770.7876 -333.17392 66.164474
-771.333 -332.60886 65.97126
-770.9423 -333.4075 66.21022
-771.2576 -333.5602 66.21065
-771.39996 -332.86536 66.039474
-771.358 -332.61496 65.97224
-771.23865 -332.73315 66.012886
-771.7011 -332.93958 66.02561
-773.373 -333.58466 65.998276
-779.93286 -336.06683 65.41575
-786.9576 -338.35217 64.167305
-793.6346 -339.8601 62.533314
-800.81165 -341.3786 59.98654
-807.65375 -342.78918 56.12748
-814.0149 -345.0402 52.95212
-820.45166 -347.79007 51.03696
-827.1321 -349.7352 50.153076
-834.34814 -351.79404 50.130325
-841.17377 -353.74146 51.67463
-847.8125 -355.4028 50.20812
-854.8681 -356.4023 50.800728
-861.9567 -357.37637 50.65108
-869.1412 -358.3636 50.986504
-875.93677 -359.87793 50.468204
-882.5732 -362.01337 49.86225
-889.4495 -364.36084 49.396564
-896.2994 -366.69925 50.522842
-902.6987 -368.8839 50.158474
-909.39856 -371.17108 49.700977
-916.3014 -373.5276 50.200603
-923.08496 -375.84338 50.19464
-929.5506 -378.05063 50.15939
-936.4797 -380.32303 49.656815
-941.5412 -384.55493 49.034313
-945.90155 -390.1677 48.545853
-952.5857 -390.72873 48.45596
-958.60284 -394.38718 48.92902
-965.4354 -395.23682 49.20729
-972.2214 -395.4707 49.320217
-979.66486 -395.72952 49.43876
-986.28534 -396.47812 49.817917
-992.5556 -398.51645 50.05592
-999.3922 -396.1412 50.271843
-1005.897 -393.90768 50.538155
-1012.70514 -391.49255 50.723595
-1019.14435 -389.16782 51.105057
-1026.0444 -386.6767 51.161915
-1032.8259 -384.22836 50.975822
-1039.1072 -381.96066 51.03763
-1045.9941 -379.4743 51.178795
-1052.7493 -377.03546 51.357285
-1059.2659 -374.71942 51.78358
-1065.9205 -372.47824 52.16661
-1072.8738 -370.27545 51.49537
-1079.4207 -368.47552 51.38899
-1086.3674 -366.59778 51.38899
-1093.26 -364.73465 51.42595
-1099.9094 -362.93726 51.4997
-1106.7074 -361.0997 51.501404
-1113.8163 -359.17813 51.501404
-1119.3627 -355.4429 51.503803
-1124.6569 -350.61243 51.501236
-1131.388 -349.98438 51.39334
-1138.5122 -350.63583 51.21562
-1145.2727 -351.26883 51.13729
-1152.4233 -351.93835 51.16329
-1159.365 -352.5883 51.629375
-1166.6552 -353.27087 51.839165
-1173.5118 -354.23364 52.203697
-1180.087 -357.4185 52.50059
-1184.2795 -362.15747 52.408028
-1190.6742 -364.55798 52.451675
-1197.7983 -365.64917 53.53738
-1205.0844 -366.49316 54.612663
-1211.8904 -367.0868 56.00382
-1216.0737 -367.3939 56.707165
-1217.9396 -367.44147 57.024494
-1219.8696 -367.3691 57.29448
-1221.7645 -367.26904 57.545116
-1223.6694 -367.0367 57.76998
-1225.5127 -366.57477 57.98887
-1227.3607 -366.06744 58.206497
-1229.2262 -365.52597 58.433372
-1231.3864 -364.72034 58.790024
-1233.7938 -364.1289 59.11469
-1236.2394 -363.62012 59.381744
-1238.4365 -362.6252 59.670086
-1240.3972 -361.14993 59.874638
-1242.18 -359.345 59.89648
-1243.429 -357.2212 59.831997
-1244.5662 -355.0902 59.72048
-1245.6315 -352.79752 59.560463
-1245.673 -350.54807 59.515026
-1246.1464 -348.22757 59.447376
-1246.4427 -345.97888 59.39174
-1245.7509 -343.64664 59.343468
-1244.8466 -341.77756 59.38919
-1244.0402 -340.11856 61.005028
-1243.1807 -338.38382 59.48426
-1241.1779 -334.5609 59.513313
-1238.7582 -330.06113 59.6439
-1236.4741 -325.8371 60.198204
-1234.093 -321.5436 60.793793
-1231.5359 -317.22653 61.5903
-1229.0479 -313.02798 62.676113
-1228.3833 -311.90668 63.103844
-1226.5796 -308.84906 64.40647
-1224.7316 -305.58627 66.46241
-1222.8005 -302.17676 67.64052
-1220.9963 -299.0745 68.436745
-1217.7662 -297.30145 69.419395
-1214.6519 -295.70605 70.64299
-1212.4482 -292.5238 71.77287
-1210.0597 -289.76105 71.55613
-1207.6133 -286.8169 71.835754
-1205.9882 -283.25958 72.200966
-1204.6324 -278.3247 72.37033
-1203.7806 -273.6293 72.8364
-1202.2921 -268.86374 72.83375
-1201.8523 -265.4109 72.528046
-1202.0685 -262.94077 72.45106
-1202.6166 -260.59415 72.35894
-1204.0186 -256.58447 72.42157
-1207.3185 -253.56853 72.61044
-1212.1448 -252.99207 72.75731
-1216.9493 -252.58986 72.974075
-1221.873 -252.19795 73.254944
-1226.8556 -251.8058 73.370346
-1231.91 -251.60942 73.33676
-1236.5981 -252.8286 73.3263
-1241.1168 -254.34142 73.3263
-1245.3997 -255.89957 73.3263
-1248.3802 -259.9238 73.36396
-1251.288 -263.85562 73.37042
-1254.3099 -267.97058 72.915245
-1257.6285 -271.60928 72.947365
-1261.3547 -274.84985 73.66715
-1265.0604 -277.93454 75.172676
-1268.8491 -281.07452 77.930565
-1271.6006 -284.94867 81.404076
-1275.536 -287.22894 84.718376
-1280.4747 -287.99103 87.17287
-1285.4637 -288.52222 88.85221
-1290.3572 -288.92416 90.059746
-1295.3287 -289.33063 90.513466
-1300.2319 -289.7315 90.614716
-1305.1743 -290.1356 90.704605
-1310.0203 -290.53177 90.6238
-1315.0017 -290.93903 90.432724
-1319.8756 -291.3375 90.49978
-1324.6909 -291.73117 90.68099
-1329.8091 -292.14963 90.663956
-1334.5658 -292.5385 90.8879
-1339.1454 -294.0846 91.15203
-1343.6255 -292.2265 90.912155
-1344.1228 -290.93732 90.87209
-1346.147 -291.63522 90.774704
-1349.4637 -294.94968 90.71812
-1352.9658 -297.7563 90.76165
-1355.0618 -298.9276 91.00297
-1358.847 -301.60886 91.41337
-1363.3201 -303.83856 91.62396
-1367.7578 -306.02933 91.40033
-1372.2834 -308.26343 91.26312
-1376.7386 -310.46286 91.17748
-1381.0533 -312.59286 90.49886
-1385.6229 -314.84866 89.6432
-1389.996 -316.79407 88.99426
-1394.8784 -317.69098 88.67254
-1399.8746 -317.67947 88.792404
-1404.8383 -317.11606 88.79463
-1409.5712 -316.3048 88.79054
-1413.7633 -315.5863 88.70877
-1413.3274 -315.78772 88.703804
-1409.2604 -317.8953 88.75817
-1405.0568 -319.82547 88.76998
-1400.6025 -321.49823 88.90757
-1395.9988 -320.1079 88.80694
-1391.5609 -317.9399 88.960106
-1387.097 -315.75803 89.31584
-1382.5587 -313.53973 90.11726
-1378.3237 -311.46973 91.23291
-1373.9215 -309.2521 91.520515
-1369.4396 -307.01892 91.22635
-1364.8292 -304.80228 91.491455
-1360.3873 -302.78043 91.549286
-1355.9491 -300.7508 91.29915
-1351.4604 -299.00256 91.1023
-1346.6323 -299.18515 92.041794
-1343.6311 -299.39438 92.036255
-1339.0494 -299.99585 91.705925
-1338.1951 -299.70792 91.605446
-1335.0209 -296.89996 91.11655
-1335.9103 -296.9615 91.199554
-1340.5422 -295.044 91.29503
-1344.9192 -293.02148 90.914154
-1346.9714 -288.76776 90.93249
-1348.5787 -284.39905 91.4147
-1350.274 -279.7912 93.74108
-1350.6497 -278.77032 94.30986
-1352.261 -274.56058 96.30501
-1354.04 -270.05618 97.51906
-1355.8164 -265.34256 98.92416
-1356.8416 -262.45154 99.35646
-1357.5555 -260.43796 99.35646
-1358.2793 -258.3967 99.35921
-1358.9176 -256.59665 99.36601
-1359.3824 -255.2856 99.37018
-1360.0369 -253.44014 99.37018
-1360.0394 -253.43301 99.37018
-1360.6282 -251.77281 99.37018
-1362.7324 -250.89651 99.37018
-1363.2463 -249.91974 99.37018
-1362.1395 -250.76878 99.37018
-1361.9038 -250.94955 99.37018
-1363.2925 -250.52696 99.37018
-1367.0027 -249.39786 99.3691
-1370.554 -248.31717 99.36997
-1375.8518 -246.90547 99.36683
-1380.4563 -243.46259 99.36952
-1381.8314 -237.6663 99.36952
-1378.9468 -233.03152 99.36959
-1376.1803 -227.82036 98.426895
-1372.8362 -223.40883 98.426895
-1367.2623 -223.81012 98.426895
-1364.6763 -228.79836 98.417625
-1369.5146 -230.56987 98.4281
-1366.7578 -226.32275 98.4212
-1360.9844 -226.27594 98.40546
-1354.8146 -226.73383 99.37158
-1349.3193 -229.05226 99.37158
-1348.3806 -234.49623 99.36687
-1350.3279 -237.8575 99.36343
-1352.5554 -240.89267 99.36998
-1354.8054 -243.9583 99.36998
-1357.1224 -247.11536 99.36841
-1357.9081 -247.36314 99.36841
-1358.0762 -247.40755 99.36841
-1359.3938 -248.87634 99.36977
-1359.9326 -252.41432 99.37011
-1359.3167 -254.40672 99.37011
-1357.4447 -255.94052 99.36857
-1357.8928 -255.30376 99.36983
-1359.7594 -252.10373 99.36983
-1362.1425 -249.62422 99.36983
-1365.9044 -248.86206 99.367004
-1367.3801 -248.35938 99.3714
-1365.1193 -248.63802 99.36614
-1362.8414 -248.91873 99.368324
-1361.046 -249.14001 99.36983
-1362.5466 -248.95506 99.36983
-1366.3058 -248.49179 99.366745
-1370.1339 -247.976 99.370674
-1373.9371 -247.30096 99.370674
-1377.4448 -245.82274 99.36201
-1379.9895 -243.07172 99.368805
-1382.8826 -240.66814 99.37006
-1383.5261 -237.22845 99.37006
-1382.1136 -233.96127 99.37006
-1381.1575 -230.15657 99.370735
-1380.9852 -226.39021 99.370735
-1380.8887 -225.8315 99.370735
-1381.6018 -224.48062 99.370735
-1381.6545 -222.32988 99.370735
-1381.2556 -223.10927 99.370735
-1380.607 -226.83342 99.370735
-1380.2855 -227.19414 99.370735
-1382.2324 -229.61766 99.370735
-1384.7194 -232.7134 99.37096
-1385.3873 -233.54482 99.37096
-1384.005 -231.90459 99.371414
-1381.8698 -231.55489 99.371414
-1379.6466 -230.12453 99.371414
-1378.3231 -230.59695 99.371414
-1376.633 -233.97935 99.37133
-1375.8497 -235.10957 99.37133
-1375.8497 -235.10957 100.81617
-1375.8497 -235.10957 99.76442
-1375.8497 -235.10957 99.371254
