2046.7433 1646.1825 1170.5012
2048.8057 1649.9534 1170.9829
2052.2021 1656.1642 1171.8335
2055.5273 1662.2443 1172.9696
2058.972 1668.5428 1173.4266
2062.3516 1674.6725 1174.6884
2066.0916 1680.8694 1176.5219
2069.6833 1686.8123 1175.4111
2073.355 1692.887 1174.7976
2077.0264 1698.9615 1175.17
2080.7124 1705.0602 1174.8986
2083.4526 1711.2792 1174.0974
2084.56 1718.1235 1173.5973
2087.3767 1724.5713 1173.0906
2091.4133 1730.4724 1172.0447
2095.6035 1736.3054 1170.8187
2102.293 1737.4071 1169.9365
2109.3657 1738.5718 1168.8638
2116.3557 1739.7228 1167.8014
2123.456 1740.892 1166.7224
2130.363 1742.0294 1165.6725
2137.1182 1743.1418 1164.6454
2144.3013 1744.3247 1163.4156
2151.3325 1745.4825 1162.3467
2158.0737 1746.5927 1161.3253
2165.2156 1747.7687 1160.2451
2172.316 1748.938 1159.1685
2179.1953 1750.0708 1158.1215
2186.2544 1751.2333 1157.184
2193.016 1752.3895 1156.1549
2199.9973 1753.5918 1155.0895
2207.1772 1754.4867 1154.0183
2214.123 1754.2325 1153.0674
2220.9468 1753.1957 1152.3768
2227.5925 1751.0591 1152.8898
2231.553 1744.9752 1154.5746
2234.628 1738.7334 1156.2386
2237.8013 1732.3218 1157.6687
2240.763 1726.0273 1159.4791
2243.4973 1719.4165 1161.7528
2246.1543 1712.9706 1164.068
2248.8914 1706.3306 1165.4286
2251.565 1700.0132 1166.0042
2254.7698 1693.753 1165.9968
2258.471 1687.8446 1166.0544
2262.253 1681.9381 1166.1202
2266.6226 1676.1632 1166.4626
2271.557 1671.2377 1166.6431
2276.6875 1666.172 1166.1251
2281.9797 1661.2767 1165.9072
2287.289 1656.9331 1165.8901
2292.9194 1652.7017 1166.877
2298.7478 1648.4574 1167.103
2304.3066 1644.4374 1167.2383
2310.1035 1640.2451 1167.367
2315.8513 1636.1046 1167.4834
2321.707 1632.0642 1167.886
2327.8289 1628.2817 1168.4816
2333.7815 1624.6833 1168.8673
2339.9807 1621.3157 1169.2703
2346.1624 1618.1217 1169.7987
2352.369 1614.9149 1170.2083
2358.8242 1611.5797 1170.6782
2364.9934 1608.3922 1171.0896
2371.5916 1605.6323 1171.6871
2378.3345 1603.2426 1172.4132
2384.97 1601.1984 1173.8553
2392.0676 1599.6659 1175.9581
2398.3115 1598.6929 1177.7711
2402.1626 1598.2354 1178.9482
2405.8994 1597.8447 1180.207
2409.7117 1597.4474 1181.6412
2412.8247 1597.1229 1182.9128
2416.5466 1596.735 1184.4728
2420.314 1596.3424 1186.0919
2424.191 1596.6847 1187.8325
2426.4468 1597.0835 1188.8414
2429.795 1597.6858 1190.3894
2432.8547 1603.1709 1192.0848
2436.8643 1608.737 1194.7655
2442.1458 1613.1769 1198.2493
2448.9224 1612.4426 1202.6232
2452.9773 1607.0759 1204.467
2449.9377 1601.2485 1202.0482
2443.6506 1600.6877 1197.8956
2438.2314 1604.7808 1194.8854
2435.639 1598.8251 1193.2595
2430.389 1597.2732 1190.6674
2429.5728 1603.6299 1190.6165
2435.0706 1607.1152 1193.6726
2442.2288 1608.8313 1197.876
2448.8103 1610.2627 1202.2802
2453.5513 1606.2977 1204.7489
2454.0886 1599.3743 1204.5564
2449.4275 1594.19 1201.481
2443.3381 1590.9608 1198.0358
2436.4338 1589.8296 1194.1516
2432.515 1595.5442 1191.7219
2429.8467 1601.4133 1190.5371
2423.138 1603.4203 1187.7173
2418.2568 1599.034 1185.2994
2415.2236 1592.7184 1183.9158
2411.1423 1586.9458 1182.421
2406.6606 1581.3695 1181.0421
2401.5144 1578.0077 1179.3407
2396.111 1583.0228 1176.8397
2392.1648 1588.848 1175.6667
2387.6611 1594.1995 1174.4125
2382.5 1598.9794 1173.3346
2376.623 1603.2037 1172.2716
2370.8308 1607.1584 1171.5526
2365.1187 1610.9572 1171.1154
2359.0798 1614.9729 1170.5441
2353.4026 1618.7483 1170.118
2347.4573 1622.702 1169.8148
2341.4653 1626.6869 1169.4508
2335.6133 1630.5786 1169.0521
2329.5046 1634.6409 1168.674
2323.664 1638.5249 1168.2078
2317.916 1642.3456 1168.0906
2311.9136 1646.1586 1167.8982
2305.4429 1648.9147 1167.3608
2299.195 1652.5631 1167.258
2293.4646 1656.6426 1167.0363
2290.8357 1662.5078 1166.7732
2289.8994 1669.572 1167.2031
2288.9814 1676.4974 1169.01
2288.0212 1683.7421 1171.358
2287.1267 1690.614 1173.3208
2289.4468 1696.8584 1174.898
2290.6294 1703.4283 1177.1643
2288.7244 1710.0472 1180.2811
2289.428 1713.2299 1181.9302
2290.5024 1706.4773 1178.5187
2289.5415 1699.6157 1175.7285
2288.9084 1692.5463 1173.8624
2288.395 1685.523 1171.9235
2287.9456 1678.4956 1169.6263
2287.8594 1671.3842 1169.8339
2287.7893 1664.0906 1168.9081
2287.7456 1657.3955 1165.9471
2287.7324 1649.9475 1166.175
2287.7205 1642.9895 1165.9342
2287.7083 1635.9475 1165.7439
2287.6963 1629.1155 1165.6017
2287.6833 1621.7095 1165.4133
2290.3672 1616.6368 1165.8739
2294.475 1621.5797 1166.5391
2299.4863 1625.7255 1165.5922
2305.2349 1621.9327 1166.0991
2310.631 1617.2194 1166.7233
2315.7117 1612.3434 1165.436
2319.8564 1606.5304 1168.4766
2322.5303 1600.1593 1166.8265
2323.8748 1593.2328 1169.0219
2325.1782 1586.3267 1169.3427
2326.2368 1579.1248 1170.4489
2327.1567 1572.1854 1170.633
2327.207 1565.0826 1166.6726
2325.9993 1558.3866 1170.3961
2324.717 1551.2773 1170.0808
2323.504 1544.5515 1170.4539
2322.2317 1537.4973 1169.8461
2321.9226 1530.3844 1166.4645
2322.8003 1523.341 1170.1794
2325.1287 1516.8345 1170.5428
2327.1582 1510.1166 1176.7162
2326.0393 1504.6012 1177.6489
2319.7817 1507.44 1172.3187
2313.9841 1511.5304 1175.0393
2308.1133 1515.5676 1174.1238
2302.166 1519.362 1170.6013
2296.3904 1522.6833 1171.0835
2292.7466 1528.0082 1170.301
2291.033 1534.1217 1169.4614
2293.844 1540.3947 1169.1
2296.7505 1546.8702 1169.0332
2299.6343 1553.2947 1169.0239
2302.6172 1559.9401 1169.5066
2305.2437 1566.3654 1166.2004
2307.5613 1573.0892 1169.0737
2309.7295 1579.7007 1169.0507
2311.7087 1586.7491 1168.5731
2313.344 1593.3967 1168.7015
2314.8867 1600.4279 1166.3713
2316.2383 1607.3245 1168.6958
2317.3948 1614.256 1165.9874
2317.828 1621.2334 1167.5902
2315.8513 1628.208 1167.2134
2313.616 1634.8119 1167.27
2311.3923 1641.6968 1167.5496
2309.2751 1648.2513 1167.4385
2307.1235 1654.9125 1164.8187
2304.8772 1661.8667 1166.6895
2302.7212 1668.5411 1165.4414
2300.548 1675.2688 1167.6653
2298.4224 1681.85 1170.726
2296.1804 1688.7909 1173.3812
2294.0933 1695.2522 1174.7297
2291.8687 1702.1398 1176.7035
2286.661 1704.6375 1177.4803
2284.45 1698.4012 1175.0846
2284.6882 1691.2236 1173.4531
2284.9246 1684.1998 1171.3713
2285.0525 1677.047 1169.0684
2285.1775 1670.0762 1167.2922
2285.3027 1663.0773 1166.3036
2285.4321 1655.8544 1165.652
2285.5615 1648.6316 1165.8961
2285.687 1641.6187 1165.7157
2285.8093 1634.7877 1165.566
2285.9365 1627.6909 1165.2808
2286.0654 1620.4961 1165.1522
2286.0815 1619.5862 1165.1445
2288.173 1615.203 1165.4982
2293.337 1610.5057 1166.4829
2299.3516 1606.6738 1165.533
2305.312 1603.2001 1167.3281
2311.9653 1600.2175 1166.6011
2318.5051 1597.606 1167.6989
2324.9956 1595.0233 1169.1157
2331.5623 1592.5219 1169.3536
2338.6719 1591.2496 1169.958
2345.4807 1590.536 1171.4113
2352.7158 1589.7821 1171.3066
