861.31665 -498.35608 96.20726
859.0786 -498.17535 96.34286
855.3084 -497.90494 96.55211
851.5364 -497.6599 97.005775
846.942 -497.36148 98.19094
843.17 -497.11646 98.57686
839.39795 -496.87143 98.84615
835.5052 -496.61856 99.32956
831.73364 -496.36566 99.89516
825.3757 -495.9276 100.571556
821.6046 -495.66776 100.6007
817.83356 -495.40793 100.28526
814.0625 -495.1481 100.095505
810.1707 -494.87997 100.11276
806.39966 -494.62012 100.02465
801.33136 -494.2709 99.705444
797.5603 -494.01108 99.705345
793.78925 -493.75125 99.71167
789.9051 -493.4836 99.42386
786.1444 -493.1085 99.4687
782.3898 -492.6713 99.74363
778.6355 -492.2309 99.80395
774.7625 -491.7645 98.84364
770.53674 -491.25565 97.80756
766.7856 -490.78937 97.71371
765.2732 -490.52917 97.59732
761.8482 -489.81158 97.18188
755.2445 -487.5452 94.22274
749.05115 -484.79672 90.42104
742.3634 -482.06836 86.29256
735.63416 -479.47964 83.08319
729.083 -477.0137 80.382515
722.5221 -474.57355 77.25649
716.20233 -471.5888 73.59672
710.2094 -467.5707 69.81811
705.1316 -462.8066 66.47016
702.125 -456.53003 64.28071
700.5884 -449.70102 62.921978
699.0101 -442.65155 62.68895
697.22766 -435.88483 62.7164
694.31586 -428.58786 62.950687
690.09314 -423.03983 64.06858
684.33093 -418.70917 64.77107
678.27905 -415.19247 65.67092
672.04626 -412.01047 66.69775
665.42035 -409.16916 67.363144
658.9583 -406.4855 67.77348
652.5933 -403.09457 67.89848
646.61536 -398.67978 67.89916
641.08984 -394.38223 67.96079
635.122 -390.32294 67.62236
628.75525 -387.46725 67.40104
621.83154 -386.55856 67.34757
614.8614 -387.04486 66.88218
606.77106 -388.95407 66.23819
600.0114 -390.77255 65.89581
593.264 -392.63568 66.05472
586.2403 -394.25922 65.55109
579.3205 -395.30963 64.30751
572.3883 -396.28183 62.626873
565.2343 -397.28516 60.129566
558.3022 -398.25735 57.2054
551.4095 -399.46957 54.214188
544.5398 -401.67776 51.79247
538.17065 -404.577 49.789413
531.9556 -407.79648 48.17762
525.90027 -411.30743 45.965263
519.9101 -414.9293 43.98555
513.74023 -418.6598 42.204304
507.74963 -422.2809 40.601738
501.47397 -425.85657 39.164326
495.12955 -428.80984 37.990875
488.4959 -431.014 37.037186
481.57764 -432.07068 35.874702
474.4315 -433.02786 34.893326
467.47165 -433.77188 33.387386
460.4847 -434.154 32.15094
453.5469 -433.31287 30.869251
446.74512 -430.92776 28.606403
440.58994 -427.60013 24.94971
434.7404 -423.7562 21.06415
429.1966 -419.48914 16.998613
423.8035 -414.6828 13.47974
418.56046 -410.04498 9.686638
413.2975 -405.4297 5.087023
407.35922 -401.39005 1.5881652
400.89075 -398.71725 -0.90823215
394.26746 -396.45517 -1.0322859
387.40842 -395.075 -1.0960625
380.286 -393.86768 -1.0771666
373.38336 -392.7043 -0.5566362
366.493 -391.47156 -0.25032187
359.61453 -390.1729 -0.2978372
352.30957 -388.79373 -0.39720818
345.4311 -387.4951 -0.41363275
338.54425 -386.24283 -0.43180904
331.62228 -385.20242 -0.741342
324.24957 -384.25293 -0.7950623
317.27875 -383.74393 -0.86555254
310.27945 -383.7956 -0.48717672
303.28818 -384.12704 0.5776221
296.12482 -385.02383 2.749711
289.51923 -387.24185 4.9373064
283.20038 -390.2527 7.7529335
276.8817 -393.749 11.605952
270.9487 -397.46198 16.22001
265.54318 -401.89514 21.340765
260.1911 -406.39276 26.134087
254.10414 -410.25272 30.792917
247.70264 -413.06625 34.119812
240.72102 -414.89536 36.22363
233.83597 -416.13303 38.083843
226.85161 -416.53836 39.29619
219.7152 -415.5133 40.281605
212.90768 -413.8836 41.29303
206.13083 -412.13052 42.184296
199.16037 -410.29648 42.91711
192.39078 -408.51526 42.923965
185.6212 -406.73404 42.709076
178.7681 -404.47208 42.624523
172.21532 -402.01016 42.65511
165.66254 -399.54822 42.71136
158.91983 -396.9948 42.85767
152.37677 -394.50717 42.845364
145.83371 -392.01953 42.634644
139.08127 -389.4523 42.67661
133.34955 -387.2731 43.91357
127.40828 -385.1651 42.70857
123.52831 -384.97458 43.038555
119.765976 -385.33655 43.570213
115.21028 -385.86633 44.30771
110.41873 -386.8655 44.78168
106.45312 -388.03894 45.03093
105.779106 -388.239 45.063923
102.03944 -389.34915 45.097195
101.13351 -389.61807 45.104465
100.32561 -389.78036 45.11193
96.73082 -390.5025 45.108887
93.02486 -391.24695 45.09566
88.977936 -392.0599 45.091568
85.27702 -392.82782 45.12103
81.7685 -393.89 45.168343
77.8983 -394.48615 45.129734
74.218925 -395.30008 45.13629
71.041824 -397.30377 45.387943
69.002 -401.47385 45.777
69.28825 -406.36514 46.49676
69.619026 -411.24542 47.500637
69.723885 -412.7706 47.888412
69.73829 -412.9801 47.922394
70.26375 -419.96027 48.682278
70.8441 -427.16092 48.713585
71.406456 -434.1383 48.779995
71.96881 -441.11566 48.95616
72.549164 -448.3163 48.950367
73.11065 -455.29376 48.32846
73.5211 -462.49185 48.517967
73.8431 -469.4768 48.601574
74.03418 -476.47382 48.35534
74.00028 -483.47314 48.653133
73.876076 -490.47205 48.76165
73.80627 -494.40543 48.740265
73.88133 -493.316 48.734684
73.73785 -486.31958 48.771416
73.75211 -479.3196 48.396404
73.69907 -472.1035 48.553814
73.63088 -465.10382 48.56501
73.61596 -458.10385 48.301086
73.65904 -450.88217 48.643993
73.69563 -443.88226 48.97573
73.59731 -436.88306 49.03781
73.21819 -429.89725 49.07846
72.26614 -422.75043 48.853485
71.32209 -415.81497 48.33729
70.41883 -408.8735 46.914375
68.549866 -402.07568 45.857014
65.519264 -395.83612 45.271736
60.88543 -390.60693 45.168938
53.84465 -390.36728 45.39341
47.38294 -387.6903 45.126064
41.009464 -389.1308 45.43501
34.895916 -392.0321 45.720535
28.69691 -395.71402 45.7296
22.67846 -399.28867 45.662144
16.395128 -402.3656 45.455757
9.854603 -405.43277 45.2132
3.5520604 -408.47867 45.311523
-2.1102064 -412.15198 45.380825
-7.42274 -416.62805 45.111603
-14.616732 -418.06488 44.067753
-21.502338 -418.0371 41.406715
-26.964039 -413.3089 36.921455
-32.259666 -408.7311 32.14917
-37.555298 -404.1533 27.580067
-43.009796 -399.43814 22.839804
-46.39829 -393.73 19.547632
-49.936058 -387.74234 16.884863
-55.092613 -382.69577 14.419057
-56.178158 -376.42996 13.337865
-58.082275 -370.11835 12.953953
-61.1728 -363.83786 12.834692
-63.132668 -357.26355 12.745097
-66.17468 -350.9591 12.814806
-68.190956 -344.34027 12.743514
-69.69514 -337.57104 12.508765
-72.75883 -331.29135 12.183259
-76.74473 -325.72867 11.7322035
-82.54042 -321.41684 10.927521
-88.48155 -317.71524 9.427443
-94.428116 -314.02222 8.353569
-99.02372 -308.9693 8.51673
-103.38065 -303.49982 9.244065
-107.97843 -298.2215 9.4489
-113.06499 -293.10022 9.441137
-118.613396 -288.83594 8.984596
-124.819435 -286.0852 7.957983
-131.93399 -287.25452 7.511066
-138.8409 -288.39227 7.6442456
-145.73463 -289.60706 8.556028
-152.61835 -290.8777 10.272749
-159.72234 -292.18896 10.434192
-166.60605 -293.45963 8.535713
-173.48976 -294.73026 7.258225
-180.59375 -296.04153 6.7459903
-187.48419 -297.27487 6.668452
-194.59822 -298.44498 6.668452
-201.74927 -299.4687 6.668452
-208.51413 -299.77277 6.668452
-215.50926 -299.7306 6.667579
-222.71205 -299.1774 6.667545
-229.6915 -298.6414 6.667532
-236.67094 -298.10535 6.667532
-244.08311 -297.53607 6.667532
-251.06256 -297.00006 6.667532
-258.04202 -296.46402 6.7169037
-265.2448 -295.91083 6.8064237
-272.22424 -295.37482 6.8197308
-279.20367 -294.83878 6.778283
-286.18314 -294.30273 6.691953
-293.37198 -293.75064 6.669337
-300.3514 -293.2146 6.6679254
-307.33087 -292.6786 6.6679254
-314.53366 -292.1254 6.6679254
-321.5131 -291.58936 6.6679254
-328.48746 -290.99426 6.6679254
-335.67798 -290.29977 6.7488813
-342.64557 -289.62683 7.792831
-349.61316 -288.95386 8.894109
-356.78976 -288.2607 10.123938
-363.75732 -287.58774 10.997003
-370.7249 -286.9148 11.458463
-377.91544 -286.2203 11.632167
-384.88303 -285.54733 11.944726
-391.8506 -284.8744 12.54384
-399.02722 -284.18124 13.326608
-405.99478 -283.50827 14.412795
-412.96234 -282.83533 16.237171
-420.1529 -282.1408 18.41949
-427.12048 -281.46786 19.876816
-434.08813 -280.79578 20.686842
-440.9971 -279.65213 20.92135
-446.7225 -275.6369 20.880697
-453.54456 -276.91144 21.84253
-460.602 -278.38687 22.56301
-467.45386 -279.8193 23.67792
-474.30573 -281.25177 25.016592
-481.22998 -281.75018 26.636953
-487.31818 -284.03687 28.002104
-491.3967 -289.69632 29.61514
-494.66107 -296.14056 30.79288
-497.86063 -302.35782 31.443304
-501.2176 -308.5003 31.685345
-504.75125 -314.77994 32.00161
-508.30414 -320.8001 32.47304
-512.6173 -326.30847 33.122826
-517.69556 -331.4388 33.851955
-523.5511 -335.2233 34.534023
-530.5551 -336.62347 35.415203
-537.58057 -335.12625 37.14955
-543.84485 -332.54358 37.839687
-550.3066 -329.85165 38.389744
-557.1695 -326.99258 39.131027
-563.6397 -324.3215 40.85779
-570.2872 -322.1517 43.40952
-577.4457 -321.40213 45.863422
-584.434 -321.66168 47.820496
-591.27765 -320.24023 49.089848
-597.256 -322.78433 50.310547
-601.34686 -328.4639 51.021816
-605.4661 -334.39816 52.27722
-609.4545 -340.14377 54.132763
-613.44775 -346.14447 55.28522
-616.3676 -352.73398 55.69133
-620.2855 -356.4359 55.99272
-621.0524 -354.18887 55.82456
-618.26807 -353.59756 55.750908
-613.286 -352.53955 56.220272
-613.69824 -352.41077 56.062817
-620.33936 -350.273 55.499348
-625.81177 -349.1305 55.75403
-625.7194 -353.0242 56.07889
-625.2432 -357.65546 56.232635
-624.5772 -363.58636 56.630337
-624.0313 -368.44736 56.845413
-623.467 -373.4726 57.39706
-622.92017 -378.34198 57.823807
-622.20294 -383.1823 58.119236
-621.80444 -387.36868 58.289627
-621.58264 -390.7915 58.625454
-621.8468 -394.58658 58.936733
-621.54266 -398.35294 59.110455
-618.50946 -400.80582 59.478058
-615.45807 -403.01404 59.59656
-613.5541 -406.2406 59.707672
-610.76874 -408.82275 59.8648
-606.9889 -408.86023 59.934223
-604.0862 -410.79843 59.576202
-602.24036 -410.39197 59.13523
-600.336 -409.97043 58.746017
-598.3496 -409.49365 58.10151
-593.59265 -409.1765 57.109905
-588.93097 -408.49255 55.999985
-584.3098 -406.87793 55.29831
-579.7461 -404.70218 54.482826
-575.4788 -402.295 53.497425
-571.1517 -399.67877 52.67249
-566.97723 -397.11282 51.94065
-562.8974 -394.80817 51.684258
-559.2752 -391.52277 51.17494
-554.61597 -389.6883 50.554245
-549.78217 -388.88885 49.97873
-545.7416 -391.36566 49.971256
-541.6921 -394.3943 49.949863
-537.7681 -397.329 49.882153
-536.5438 -398.24463 49.73548
-539.2934 -397.55927 50.03069
-542.3554 -395.69272 49.96762
-545.1162 -393.15936 49.94705
-547.46606 -392.9577 50.24447
-549.4615 -392.77914 50.374947
-559.3018 -397.9275 52.600033
-566.40173 -400.72476 52.53131
-569.96655 -401.96335 53.806984
-573.5603 -403.4807 53.482426
-575.2563 -406.2267 53.34953
-578.9206 -407.46503 53.970833
-582.6198 -408.24228 54.71705
-586.44543 -409.00528 56.540318
-590.162 -409.68256 56.17771
-592.951 -410.11816 56.846634
-595.6625 -410.44147 57.626434
-598.377 -410.6518 57.84527
-602.8386 -412.44073 59.00697
-607.31055 -411.9293 59.770035
-611.5961 -409.5538 59.852715
-614.9485 -407.6718 59.701424
-618.03516 -405.93903 59.33755
-621.02606 -404.25995 59.304474
-624.06525 -402.5538 59.406174
-627.3614 -400.7034 60.952377
-630.7541 -398.79874 59.189846
-634.0707 -396.9853 60.807304
-637.41766 -395.2378 59.58467
-640.9325 -393.54553 59.751484
-644.37134 -391.97644 60.24708
-648.32495 -390.18637 60.99671
-652.78876 -388.16534 61.815712
-657.383 -386.0937 62.80019
-661.86255 -384.1078 63.64481
-666.34204 -382.12186 64.41139
-670.80457 -380.1014 65.211044
-675.11786 -377.46277 65.61948
-679.475 -375.2248 65.68997
-683.9065 -373.13388 65.64975
-688.4583 -370.93158 65.78424
-692.791 -368.6603 65.93148
-697.1461 -366.41464 66.07163
-701.3712 -363.94098 66.23904
-705.5802 -361.43253 67.25867
-709.90137 -358.8249 67.555664
-711.23596 -358.01953 66.61301
-714.16 -356.3615 66.73918
-718.5597 -353.8688 66.83263
-722.823 -351.45337 66.97018
-727.1723 -349.2056 67.04922
-731.8294 -347.23575 66.69868
-736.3524 -345.35092 66.833694
-740.87006 -343.45334 66.62466
-745.3118 -341.38593 66.94981
-749.72644 -338.94388 67.46769
-753.94556 -336.48737 67.67211
-757.10767 -334.6463 68.67484
-760.48047 -332.6825 66.72728
-760.99005 -332.3858 66.79101
-761.5439 -332.0305 66.83201
-767.5353 -328.412 66.08131
-773.7374 -324.73535 64.63179
-779.88055 -321.38376 63.56642
-786.2864 -318.58215 62.54955
-793.5856 -317.1368 61.77862
-800.49164 -315.994 60.99924
-807.3466 -314.58426 59.472755
-814.38745 -313.03177 57.174656
-821.2382 -311.59924 55.30903
-828.3615 -310.39725 54.482655
-834.5634 -308.0594 54.46591
-838.3593 -301.91742 56.077896
-843.3733 -297.79788 57.813026
-850.08057 -295.79617 59.180782
-857.0101 -293.8047 59.682323
-863.73773 -291.87115 60.61877
-870.6807 -289.8758 62.280464
-877.40234 -287.94403 65.260025
-884.33185 -285.9525 65.23912
-891.0595 -284.019 64.9499
-898.0025 -282.02365 64.211136
-904.7205 -280.09293 65.222946
-911.4482 -278.15942 65.775116
-918.3858 -276.16556 66.159424
-925.1135 -274.23206 66.59948
-932.14624 -272.7038 66.60738
-939.1277 -272.94324 65.943794
-945.8734 -275.30264 64.51672
-951.88605 -278.88702 63.594524
-957.69257 -282.7963 63.88648
-963.68646 -286.82837 65.12816
-969.5411 -290.66547 65.82864
-975.57135 -294.61768 66.285446
-981.7642 -298.33435 65.18101
-987.99896 -301.51126 63.632267
-994.7801 -303.93744 63.374767
-1001.71136 -305.9729 63.47187
-1008.8442 -308.06757 63.011486
-1015.56055 -310.03992 61.413635
-1022.4919 -312.07538 59.570976
-1029.2083 -314.04773 58.555325
-1035.9247 -316.0201 57.476208
-1042.856 -318.05557 56.837933
-1049.5724 -320.02792 56.74568
-1056.4902 -322.05945 57.35587
-1063.2065 -324.0318 57.242348
-1070.138 -326.0673 56.918854
-1076.8542 -328.03964 55.83182
-1082.308 -328.0563 54.915524
-1083.1564 -320.8966 55.5242
-1084.1807 -313.972 56.032314
-1085.1528 -307.03986 56.581795
-1086.051 -300.09772 56.59717
-1086.9772 -292.93332 56.573612
-1087.8745 -285.9911 56.55944
-1088.772 -278.8267 56.77739
-1089.6981 -271.88446 56.838158
-1090.6511 -264.5118 57.1885
-1090.6232 -265.1853 57.1562
-1089.7804 -272.13437 56.81555
-1088.9122 -279.29193 56.802807
-1088.0424 -286.46338 56.535255
-1087.1996 -293.41245 56.544342
-1086.3314 -300.57 56.569588
-1085.7035 -307.7662 56.600178
-1085.642 -314.7536 55.793434
-1084.6758 -321.63376 55.447388
-1086.8643 -327.98428 54.89285
-1090.6096 -334.40524 54.644745
-1095.4945 -338.6678 54.54158
-1102.5582 -340.18094 54.183468
-1109.403 -341.6472 53.912315
-1116.2456 -343.11295 53.55926
-1123.3093 -344.6261 52.591965
-1130.3594 -346.13632 51.46953
-1137.2041 -347.60254 51.10679
-1144.2678 -349.11572 51.06049
-1151.3173 -350.62924 51.208897
-1158.1268 -352.25037 51.573887
-1165.0837 -354.1865 51.724792
-1171.6127 -356.70737 51.941563
-1178.1066 -359.3003 52.41587
-1184.8278 -361.94772 52.405586
-1191.4955 -364.06714 52.54598
-1197.6108 -366.41107 53.485786
-1204.819 -366.25162 54.578766
-1211.8143 -366.49924 56.02327
-1219.0331 -366.7754 57.20776
-1226.0273 -366.9062 58.008488
-1232.858 -365.45505 58.740837
-1239.0525 -361.82687 59.778614
-1243.8737 -356.7988 59.79772
-1245.9563 -349.98178 59.488705
-1245.2032 -343.0443 59.38862
-1243.1283 -336.37952 59.49814
-1239.3562 -330.22714 59.624146
-1235.4385 -324.4262 60.413033
-1231.5206 -318.62527 61.378685
-1227.4885 -312.66116 63.12926
-1223.4906 -306.91516 65.61586
-1219.3463 -300.72665 68.270676
-1215.5759 -295.09653 70.42565
-1211.7649 -289.22534 71.78733
-1207.9994 -282.81625 72.398636
-1204.6487 -276.67065 72.58196
-1201.978 -269.9908 72.80934
-1202.4928 -263.0722 72.48452
-1205.138 -256.65723 72.4194
-1211.9961 -253.29329 72.738045
-1219.1748 -252.4862 73.14727
-1226.1317 -251.71089 73.37028
-1233.0989 -251.48897 73.327576
-1239.8396 -254.05495 73.327576
-1245.8832 -257.52957 73.327576
-1250.4783 -263.0724 73.370384
-1254.7308 -268.6326 72.90212
-1258.9935 -274.185 73.21154
-1263.8448 -279.52472 75.19015
-1269.1232 -284.11008 79.518936
-1275.6987 -287.00092 84.73681
-1282.5032 -288.62558 88.04688
-1289.6458 -289.60672 89.94473
-1296.6099 -290.30783 90.492615
-1303.6045 -290.54037 90.68701
-1310.8278 -290.6464 90.593765
-1317.8269 -290.7491 90.39264
-1325.0361 -290.85492 90.72805
-1332.0115 -291.3667 90.7693
-1338.8242 -292.93225 91.04134
-1345.7009 -295.1435 91.01458
-1352.1165 -297.9324 90.743706
-1360.1279 -301.97513 91.49439
-1366.3431 -305.19553 91.55275
-1372.5583 -308.41595 91.28013
-1378.9601 -311.73297 91.026825
-1385.1753 -314.95337 89.66817
-1391.77 -317.8675 88.933266
-1398.6561 -318.9655 88.77586
-1405.6305 -318.43768 88.767494
-1412.6298 -316.6847 88.67283
-1419.2404 -314.38266 89.16593
-1425.8241 -312.0047 89.80156
-1432.7799 -310.22668 91.21179
-1439.7732 -310.15018 93.05711
-1447.392 -312.0868 95.07742
-1454.1544 -314.56915 97.282646
-1460.7242 -316.9852 98.93579
-1467.2742 -319.45325 99.78887
-1472.9272 -321.82886 99.83339
-1480.382 -324.97644 100.380745
-1487.037 -327.7864 100.67348
-1493.4795 -330.50653 101.03203
-1495.0917 -331.18726 101.08411
-1491.4526 -329.69263 100.90048
-1486.385 -327.62292 100.66211
-1483.754 -326.54837 100.61341
-1477.2736 -323.9017 100.14904
-1470.583 -321.21454 99.762856
-1463.9816 -318.88818 99.53235
-1457.3158 -316.7507 98.24072
-1450.4343 -314.55246 96.41232
-1443.7867 -312.35953 94.18981
-1436.7349 -311.1301 92.66188
-1429.9163 -312.63718 90.32502
-1423.2001 -314.60825 89.49994
-1416.2113 -316.3803 88.68656
-1409.3226 -317.5371 88.76215
-1402.0989 -317.58 88.76363
-1395.125 -317.15363 88.73886
-1388.3656 -315.36795 89.228325
-1381.8425 -312.2676 90.3985
-1375.4866 -309.33618 91.27217
-1368.9717 -306.24747 91.29819
-1362.6465 -303.24875 91.62835
-1356.3213 -300.25003 91.21825
-1349.6267 -297.57248 91.098755
-1342.8444 -295.85312 91.31596
-1337.9061 -294.9252 91.2078
-1337.3442 -294.83908 91.18482
-1335.1965 -294.55154 91.00812
-1334.3494 -294.45554 90.93722
-1333.2301 -294.32867 90.863846
-1332.0695 -294.19717 90.764145
-1330.9427 -294.06946 90.65245
-1329.7799 -293.93768 90.58697
-1328.6531 -293.81 90.55974
-1327.4902 -293.67822 90.57546
-1326.3634 -293.55054 90.60354
-1325.2367 -293.42282 90.64683
-1324.076 -293.29132 90.656525
-1322.9493 -293.1636 90.64292
-1321.7865 -293.03183 90.618614
-1320.2375 -292.85632 90.58191
-1318.3335 -292.4802 90.47487
-1315.8115 -292.183 90.409386
-1310.9535 -291.57928 90.57718
-1305.9353 -290.9555 90.68725
-1301.0792 -290.3017 90.60913
-1296.076 -289.56757 90.508316
-1291.2325 -288.82507 90.2284
-1286.3921 -288.06357 89.105675
-1281.4489 -287.0611 87.42566
-1276.8563 -285.38052 84.85391
-1272.357 -283.07315 81.18331
-1268.1954 -280.49347 77.34825
-1264.085 -277.54828 74.76724
-1260.6199 -274.10916 73.43638
-1257.3066 -270.30453 72.901924
-1254.0226 -266.66806 72.912224
-1250.764 -263.00867 73.37028
-1247.1813 -259.53326 73.34563
-1244.0858 -255.8079 73.326385
-1239.8945 -252.99905 73.326385
-1235.7277 -250.42064 73.326385
-1230.9072 -250.46136 73.34773
-1225.9166 -251.27719 73.37046
-1221.2356 -252.04243 73.27172
-1216.245 -252.85826 72.92168
-1211.4133 -253.672 72.70043
-1210.3651 -253.87735 72.65328
672.013 -364.2001 29.780787
671.1859 -361.2623 29.874247
669.23206 -354.32208 29.380917
668.27985 -350.9396 29.327444
666.2116 -343.52304 29.588083
665.8686 -336.53482 29.84046
665.59735 -329.54785 30.280222
665.3171 -322.32928 30.624641
665.1357 -317.65683 30.47029
665.1091 -316.97134 30.464643
662.9354 -310.44443 29.944695
659.5179 -304.3354 30.211126
656.1004 -298.22632 30.304634
652.5667 -291.90955 30.186869
649.1492 -285.8005 30.4344
645.6223 -279.49594 30.685354
641.4714 -274.13712 30.471827
638.83655 -268.14883 30.482038
637.73486 -261.2369 32.233948
636.51013 -254.10359 33.83491
635.4455 -247.18503 35.18405
634.38293 -240.2803 36.32498
633.27997 -233.11269 37.294674
632.2174 -226.20796 38.041813
631.1527 -219.2894 38.58573
630.08167 -212.32933 38.93557
628.9872 -205.21704 39.08662
627.92255 -198.2985 39.029743
626.85785 -191.37993 38.76628
625.7932 -184.46136 38.31154
624.6923 -177.30757 37.61694
623.6276 -170.389 36.7319
622.56085 -163.45662 35.63061
621.4621 -156.31665 34.270123
620.39746 -149.3981 33.370922
619.3349 -142.49338 33.44017
618.26385 -135.5333 33.424274
617.1694 -128.42102 34.21266
616.1047 -121.50246 35.797714
615.1357 -115.20559 38.66338
615.2151 -115.72151 38.444267
618.09375 -111.181274 38.467957
622.5256 -105.75316 39.19658
628.3009 -102.37843 40.066444
630.2153 -95.742386 41.169514
630.98816 -88.7711 41.39947
631.758 -81.82765 41.411865
632.52936 -74.87028 41.58262
633.2824 -67.657906 41.40066
633.7816 -60.68978 41.634575
634.1601 -53.700203 42.09077
634.3538 -46.70865 43.230736
634.52734 -39.486732 44.34961
634.71277 -32.475372 45.78409
635.6731 -25.55978 47.018063
636.9768 -18.440157 48.77564
638.2376 -11.554641 51.210857
639.4985 -4.6691246 53.99743
640.8021 2.4504986 57.05403
642.07776 9.575058 60.39161
642.91266 16.520205 63.662663
642.96466 23.50346 66.54336
642.87476 30.516493 68.323395
647.12964 30.39967 68.39763
646.52997 23.110416 66.65387
645.5967 16.16438 63.477184
644.23816 9.084296 60.152424
642.427 2.3088024 56.909378
640.7162 -4.47626 53.981514
639.0399 -11.502537 51.194088
637.46014 -18.336224 48.809387
636.0291 -25.173021 47.083153
635.253 -32.121723 45.934666
634.6462 -39.333313 44.38663
633.95544 -46.31322 43.274956
633.2661 -53.279194 42.04018
632.5781 -60.23124 41.664406
631.86536 -67.43406 41.282337
631.1774 -74.38609 41.446625
630.48804 -81.352066 41.387188
629.7987 -88.318054 41.365314
629.08453 -95.534805 41.10081
628.39655 -102.48684 40.05177
627.33344 -109.63558 38.44195
625.86237 -116.479256 36.7293
623.88904 -122.97819 34.92078
619.99207 -128.27823 33.941017
619.09705 -135.11687 33.418457
619.7531 -142.09987 33.45371
620.596 -148.99117 33.380405
621.2794 -156.19681 34.240356
622.037 -163.15565 35.566067
622.8073 -170.11314 36.676773
623.6023 -177.29326 37.59793
624.37415 -184.26466 38.280262
625.1445 -191.22215 38.745956
625.941 -198.41618 39.026936
626.7098 -205.35976 39.089447
627.4801 -212.31725 38.953262
628.2766 -219.51129 38.601818
629.04694 -226.46877 38.063934
629.81726 -233.42625 37.319286
630.5876 -240.38374 36.39504
631.3579 -247.34122 35.257614
632.156 -254.54918 33.874004
632.9248 -261.49274 32.33588
633.7213 -268.68677 30.538366
634.4901 -275.63037 30.142385
635.26196 -282.60175 30.139608
634.9404 -289.79953 30.134775
633.5561 -296.64633 30.134775
631.4324 -303.29596 30.191635
628.6281 -309.95346 30.134048
625.48175 -316.19214 30.134048
621.5626 -321.9922 30.134048
617.39124 -327.58334 30.134048
611.7475 -332.0234 30.561272
605.17114 -334.25574 30.62289
598.22314 -334.21066 30.730442
591.0736 -333.08347 30.442343
584.1325 -332.17844 29.909227
577.18744 -331.30328 27.3717
570.02185 -330.28467 23.282303
563.0993 -329.24615 19.111666
556.1768 -328.2076 15.186391
549.0327 -327.13583 10.705348
542.0964 -326.0952 6.7158494
535.1877 -325.05875 3.4806316
527.99274 -325.02344 0.96556264
521.27734 -325.3141 -0.74267423
515.3901 -329.20328 -1.0851046
509.63278 -333.0856 -1.0776051
503.6433 -337.12448 -1.0851024
497.83957 -341.03812 -1.1434895
492.03583 -344.95175 -1.2243456
486.03476 -348.99847 -1.2438676
480.23102 -352.9121 -1.2438676
474.42728 -356.82574 -1.2438676
468.62354 -360.73938 -1.2438676
462.62247 -364.78607 -1.2438676
456.58075 -368.28262 -1.2438676
450.16327 -371.06714 -1.2438676
443.38333 -373.60114 -1.2438676
436.83945 -376.04688 -1.2438676
430.26932 -378.5024 -1.2438676
423.7123 -380.95306 -1.2438676
416.93237 -383.48703 -1.2438676
410.3885 -385.93277 -1.2438676
403.76227 -388.1852 -1.2413781
396.94165 -389.7228 -1.243303
389.8208 -390.9391 -1.243303
382.8365 -391.32837 -1.0570549
375.8653 -390.87302 -0.73200065
368.95648 -389.75467 0.2526812
361.83966 -388.5149 1.1624422
358.52426 -387.93732 -0.16815105
