-14417.693 523.9574 5.014096
-14421.534 519.7897 5.001774
-14426.091 514.1668 4.952499
-14430.261 508.54483 6.3422885
-14434.352 502.8651 9.753143
-14438.132 496.97565 12.979934
-14441.76 490.72894 14.399962
-14445.105 484.58096 15.084329
-14446.984 477.93454 15.174249
-14446.162 470.7641 15.268469
-14443.763 464.19775 15.384094
-14440.936 457.794 15.377007
-14438.099 451.39478 15.364707
-14434.501 445.12384 15.492523
-14430.534 439.35757 17.056145
-14426.181 433.87717 19.64384
-14421.701 428.49872 21.96057
-14416.588 423.45825 22.108337
-14410.298 420.45026 22.302004
-14403.704 418.14157 22.468359
-14397.3 414.79523 22.616598
-14392.474 410.027 22.748796
-14393.176 404.7112 22.72673
-14393.188 397.83746 22.723524
-14388.231 392.62234 22.94721
-14382.859 388.15695 23.109222
-14377.301 383.88705 22.713764
-14370.634 381.35522 22.957567
-14363.696 381.6373 23.337063
-14356.944 383.47974 23.32531
-14350.284 385.62854 23.321766
-14343.477 388.0868 23.140104
-14336.982 390.7044 23.237288
-14330.525 393.4076 23.188625
-14323.95 396.4075 23.57873
-14320.1 402.04694 23.973774
-14318.107 408.7421 23.839611
-14316.897 415.6289 23.657585
-14316.145 422.8272 23.305403
-14315.735 429.81345 22.948597
-14315.513 436.79013 22.918482
-14309.73 440.2592 25.015282
-14302.987 438.50897 29.305573
-14296.573 435.76895 31.87653
-14290.215 432.31943 32.588467
-14284.2 428.7388 34.132183
-14278.87 424.27472 35.66098
-14275.357 418.29538 36.79539
-14274.044 411.2393 37.140007
-14274.503 404.24585 37.15608
-14275.682 397.36298 37.108788
-14277.205 390.29886 36.430347
-14277.867 383.33026 35.680347
-14278.486 376.35828 34.92049
-14277.906 369.16354 33.87479
-14276.126 362.41077 33.374073
-14273.673 355.82968 32.897423
-14269.297 350.47412 32.522457
-14263.964 345.6025 29.99411
-14258.941 340.72934 27.502077
-14254.092 335.68082 26.616573
-14249.465 330.1634 23.864527
-14247.92 323.42307 25.2928
-14250.045 316.81555 26.319174
-14250.354 316.18707 26.429098
-14252.876 315.73798 26.9888
-14259.7705 314.53082 28.709257
-14266.421 312.44955 29.744411
-14272.46 308.5199 30.495108
-14277.436 303.6445 30.908846
-14281.58 298.0075 31.5032
-14284.906 291.61243 32.130054
-14285.29 290.772 32.164764
