2463.176 1614.2765 1210.5845
2460.3872 1613.5989 1208.9663
2454.2 1611.0717 1205.6357
2447.8174 1608.2596 1201.3746
2441.1523 1606.0747 1196.7548
2434.3953 1604.7335 1192.9706
2427.9128 1602.2429 1189.725
2421.0464 1600.7621 1186.5756
2414.1414 1599.4534 1183.5759
2407.0713 1598.1134 1180.6461
2400.5564 1598.0874 1178.4225
2394.91 1602.5701 1176.5087
2389.5625 1606.9341 1174.4729
2384.0852 1611.4042 1172.1165
2378.5752 1615.901 1170.0465
2373.0435 1620.4154 1168.9758
2367.6204 1624.8414 1168.6985
2362.197 1629.2673 1168.8849
2356.5786 1633.8525 1169.3191
2351.1663 1638.2697 1169.2258
2345.7432 1642.6957 1169.214
2340.1465 1647.2632 1168.96
2334.7883 1651.636 1168.4033
2329.3 1656.1151 1167.724
2324.239 1661.3463 1167.316
2319.6165 1666.528 1168.1708
2314.798 1671.9291 1169.5035
2310.2256 1677.224 1170.2849
2305.2314 1681.5526 1170.9685
2298.7053 1684.6447 1172.0272
2295.272 1690.1135 1173.6926
2293.4382 1696.869 1175.0859
2291.6045 1703.6246 1177.2631
2289.7883 1710.771 1180.666
2286.7952 1717.952 1184.4287
2285.2175 1725.889 1187.8844
2284.5857 1734.2643 1189.7123
2283.965 1742.9274 1189.7075
2285.0178 1743.8079 1189.7075
2285.45 1737.4072 1189.7075
2284.8198 1733.6274 1189.6971
2284.7007 1729.8497 1189.8811
2284.7031 1726.3191 1188.1067
2284.8232 1723.5099 1186.7789
2284.966 1716.4724 1183.8395
2284.989 1709.4307 1179.8184
2285.0857 1702.3893 1176.3994
2285.202 1695.3904 1174.3817
2285.4119 1688.2534 1172.6771
2285.6172 1681.2844 1170.463
2285.7969 1674.0627 1168.2296
2285.9456 1667.1763 1166.8986
2286.1006 1659.996 1165.9186
2286.2512 1653.0193 1165.8977
2286.4055 1645.867 1165.9568
2286.5557 1638.9106 1165.7092
2286.711 1631.7163 1165.5516
2286.7756 1624.8429 1165.3254
2286.7898 1617.605 1165.2573
2286.838 1610.5492 1165.22
2286.933 1603.6198 1165.2294
2287.0322 1596.3824 1165.358
2287.1296 1589.2992 1165.5911
2287.2246 1582.3838 1165.9983
2287.3223 1575.2775 1166.2686
2287.4187 1568.2418 1166.5104
2287.5159 1561.1621 1166.8636
2287.612 1554.1628 1167.5177
2287.7114 1546.9254 1167.8135
2287.8071 1539.9402 1168.6007
2287.9036 1532.9294 1169.5435
2288.0027 1525.7062 1170.6854
2288.0989 1518.7068 1171.7544
2288.1948 1511.7074 1172.7067
2288.2944 1504.4562 1173.9918
2288.3904 1497.4708 1175.358
2288.4866 1490.4574 1177.0112
2288.5857 1483.2554 1178.7505
2288.682 1476.2421 1180.4102
2288.781 1469.0188 1181.7611
2288.8772 1462.0194 1183.3466
2288.9731 1455.0201 1184.6376
2289.0693 1448.0208 1186.7239
2289.1687 1440.7834 1189.1786
2291.162 1434.6042 1190.9807
2289.9968 1427.6877 1193.2167
2288.7966 1420.5642 1195.8168
2287.7595 1413.6395 1196.8625
2286.8958 1406.693 1196.9406
2284.4841 1400.4355 1196.5696
2284.2974 1397.4668 1196.3033
2286.1973 1403.1394 1197.1682
2287.3198 1410.0958 1196.8937
2289.5854 1416.2002 1196.7224
2289.8625 1423.1051 1194.8519
2290.212 1429.9374 1192.4541
2290.9631 1436.5879 1190.3176
2292.5178 1442.9851 1188.441
2293.5212 1449.6151 1186.4875
2286.9932 1452.1161 1185.1539
2285.6624 1453.9452 1184.5537
2292.387 1452.5206 1185.5376
2299.2124 1451.6016 1186.7307
2306.415 1451.9269 1186.4006
2313.3794 1452.2544 1186.1216
2320.371 1452.5978 1186.0325
2327.6003 1452.9528 1185.6802
2334.5981 1453.4054 1185.6661
2341.144 1451.7445 1185.4781
2348.2966 1451.9979 1185.3344
2348.1218 1456.5533 1185.3353
2341.0645 1456.5591 1185.5735
2334.042 1455.9879 1185.6592
2328.7085 1459.5948 1185.2389
2327.2163 1466.587 1183.4661
2327.011 1473.7925 1181.962
2327.2786 1480.7869 1180.8312
2328.22 1487.765 1179.4717
2328.5818 1494.931 1178.4445
2329.3909 1501.8842 1177.9187
2330.205 1508.8789 1177.4067
2331.011 1515.8042 1174.865
2331.8462 1522.9797 1170.0942
2332.6553 1529.9329 1173.1124
2333.4922 1537.1223 1171.9333
2334.3013 1544.0753 1171.4911
2335.1106 1551.0284 1171.7378
2335.9214 1557.9954 1167.6377
2336.7566 1565.171 1170.254
2337.5642 1572.1101 1171.4784
2338.401 1579.2996 1170.8724
2339.21 1586.2527 1170.2019
2340.021 1593.2196 1170.165
2340.856 1600.3953 1167.8036
2341.6653 1607.3483 1169.9247
2342.4744 1614.3014 1169.607
2343.3113 1621.4908 1169.5566
2342.9314 1628.4204 1169.4845
2340.8438 1635.0299 1169.2341
2336.552 1640.8743 1168.7484
2332.3516 1646.4916 1168.0193
2328.3386 1652.1907 1167.4935
2325.0552 1658.6072 1167.3265
2324.72 1665.463 1167.3455
2327.6145 1671.8315 1168.3121
2331.6711 1677.6571 1169.5999
2334.1028 1684.1342 1171.7682
2338.9038 1689.1758 1172.1099
2345.365 1688.1111 1172.0791
2351.34 1684.4788 1173.1538
2357.17 1681.256 1173.1538
2357.5835 1684.0682 1173.1538
2351.053 1686.1863 1173.2501
2344.3894 1688.2554 1171.9248
2337.2341 1687.6371 1171.8632
2331.2693 1684.0042 1171.7045
2326.4458 1679.4396 1170.5732
2324.6345 1672.6633 1168.8429
2322.7476 1665.6031 1167.6887
2320.962 1658.9218 1167.5068
2319.1292 1652.0645 1167.3611
2317.013 1645.0709 1168.1288
2314.8975 1638.4277 1167.5592
2312.7183 1631.5842 1167.0894
2310.607 1624.9543 1167.3073
2308.4575 1618.2043 1167.2687
2306.3164 1611.481 1164.8435
2304.1926 1604.8109 1167.1716
2301.9792 1597.8608 1167.6125
2299.9045 1591.1906 1167.3339
2298.0671 1584.4073 1167.1608
2296.2385 1577.3754 1167.7548
2294.5642 1570.5785 1165.8359
2292.883 1563.7545 1168.5391
2291.1685 1556.7947 1168.0776
2289.6575 1549.9186 1168.002
2288.3135 1542.949 1168.2596
2286.9802 1536.0343 1169.1346
2285.6257 1529.0098 1170.1376
2284.2932 1522.2375 1171.3464
2282.889 1515.1044 1172.375
2281.5513 1508.3108 1173.4847
2280.2478 1501.1631 1174.4452
2279.1013 1494.2216 1175.6764
2277.9653 1487.3143 1177.4048
2276.8203 1480.3502 1178.8549
2276.017 1473.2855 1180.2781
2273.967 1466.7142 1180.4482
2274.5369 1459.7805 1183.8748
2275.0508 1452.7152 1184.767
2272.8105 1446.3993 1184.6018
2268.2239 1441.0929 1183.8048
2263.5366 1435.6699 1183.0052
2259.0183 1430.3967 1182.4266
2254.4827 1425.0651 1181.5626
2249.7563 1419.5095 1180.9615
2246.5596 1413.6284 1180.6677
2243.1975 1407.6115 1179.8568
2239.3286 1401.6943 1178.6693
2232.5867 1399.7642 1177.6666
2226.6875 1397.001 1176.9528
2219.6396 1395.8575 1176.0797
2212.581 1394.6927 1175.207
2205.7104 1393.5087 1174.3567
2198.688 1392.2974 1173.4862
2191.6658 1391.0862 1172.4817
2184.616 1389.8702 1171.611
2177.6626 1388.6709 1170.7485
2170.8335 1387.493 1169.8986
2163.6614 1386.3308 1169.0062
2156.827 1385.272 1168.1597
2149.6677 1384.4281 1167.4075
2142.7 1383.7559 1166.5404
2135.7256 1383.1622 1165.6721
2129.101 1381.5425 1164.8579
2122.615 1380.49 1164.0535
2116.147 1380.7892 1163.2402
2109.8167 1384.1049 1162.5255
2103.6892 1387.4894 1163.9382
2097.5251 1390.894 1165.6146
2091.2017 1394.3868 1167.4563
2085.0896 1397.799 1170.8649
2079.1377 1401.4825 1174.9874
2073.0427 1405.3341 1179.0918
2069.9226 1411.1548 1182.312
2065.3462 1416.0305 1185.8323
2062.0408 1416.5773 1187.4524
2058.6665 1417.3604 1189.4893
2055.2837 1417.108 1190.1932
2053.8306 1416.0037 1190.7587
2052.0247 1415.3735 1191.9924
2050.2925 1414.6642 1191.2273
2049.0771 1413.4122 1191.5779
2048.2563 1411.6934 1191.9575
2047.1107 1410.2096 1192.3246
2046.6033 1408.1985 1192.7235
2047.025 1404.3127 1193.5845
2047.4133 1399.6354 1194.1445
2047.9989 1395.3245 1194.2495
2043.4303 1393.7903 1193.8732
2039.2502 1391.5946 1193.41
2036.2795 1388.0371 1193.0449
2034.0912 1383.5088 1192.7999
2032.0211 1379.1827 1192.5211
2034.6686 1379.8469 1192.8291
2037.2299 1383.5292 1193.0739
2040.7416 1387.2776 1193.3219
2043.987 1390.8286 1193.7051
2048.3271 1393.2404 1194.3143
2052.9775 1394.0712 1194.526
2057.611 1394.705 1194.8207
2058.0835 1394.2631 1194.8043
2055.877 1396.4601 1194.9133
2052.0063 1399.4165 1194.5511
2050.127 1403.692 1193.7959
2049.8608 1408.6561 1192.17
2048.2532 1413.0815 1191.7377
2047.8507 1417.9646 1190.846
2047.2635 1422.9353 1189.3308
2047.2134 1427.8644 1186.9071
2047.164 1432.9111 1183.9502
2046.3633 1437.5454 1181.0101
2044.5615 1442.2719 1178.1798
2041.3008 1445.4004 1176.1885
2036.7274 1447.1595 1175.0753
2032.145 1448.9222 1174.2557
2027.422 1450.7291 1173.4978
2022.8182 1452.3785 1172.8937
2019.0983 1454.6603 1172.1466
2023.816 1455.2523 1172.4365
2028.4283 1455.6587 1172.0231
2033.1649 1456.6483 1171.917
2037.8799 1455.5488 1172.2877
2040.8657 1451.6764 1173.5085
2043.1799 1447.3822 1175.3961
2043.8821 1444.0271 1177.2218
2044.4163 1443.1794 1177.7135
2044.6478 1444.2262 1177.1614
2044.9232 1448.0492 1175.1484
2047.2637 1450.8782 1173.4471
2047.5322 1454.6858 1171.3501
2047.6189 1458.4799 1169.7374
2047.665 1460.339 1169.0924
2047.7052 1461.9625 1168.5756
2047.8783 1468.9463 1166.767
2047.1031 1475.6224 1165.9482
2044.8586 1482.0457 1166.1228
2038.4729 1485.3627 1166.9448
2032.262 1489.0304 1167.2184
2026.2312 1492.639 1167.5986
2020.2244 1496.2332 1167.851
2014.044 1499.931 1168.2019
2008.0372 1503.5253 1168.8755
2001.7909 1507.2627 1169.5369
1995.6158 1510.9575 1170.3735
1989.625 1514.5421 1171.0431
1983.6182 1518.1362 1171.6733
1977.5513 1521.7664 1172.2266
1971.384 1525.4565 1172.7383
1965.4012 1529.0364 1173.4095
1959.4877 1533.0262 1174.0321
1954.1182 1537.5597 1174.529
1948.0623 1540.4673 1175.5127
1941.0953 1539.7904 1177.3788
1934.1366 1539.0308 1179.3384
1926.9414 1538.2451 1181.5813
1919.9828 1537.4854 1184.0071
1912.7875 1536.6997 1186.7751
1905.801 1535.937 1189.7023
1898.6476 1535.1559 1193.039
1891.6888 1534.3962 1196.7168
1884.6885 1533.6318 1201.044
1878.6407 1530.6211 1205.1118
1874.3643 1533.895 1207.5856
1879.8923 1536.5514 1203.9109
1886.6412 1534.6895 1199.738
1893.6106 1534.858 1195.6239
1900.3374 1536.5151 1192.1776
1907.1971 1538.6399 1189.0288
1913.8081 1540.699 1186.2971
1920.8254 1540.9675 1183.5481
1927.8846 1542.051 1180.9789
1932.0503 1547.6766 1179.2651
1936.251 1553.276 1177.8884
1940.4795 1558.8434 1176.877
1944.8984 1564.5759 1176.3593
1949.1737 1570.1187 1175.7053
1953.5944 1575.8499 1175.1725
1957.8782 1581.4037 1174.7925
1962.1621 1586.9575 1174.4573
1966.5741 1592.6776 1174.1725
1970.8324 1598.1982 1173.7415
1975.2529 1603.9294 1173.3132
1979.3856 1609.2816 1173.0422
1983.9402 1614.9249 1172.9441
1988.3643 1620.3496 1173.0729
1992.9596 1625.8905 1173.6536
1997.437 1631.2896 1173.9949
2002.6422 1635.2399 1174.0817
2007.5168 1639.7966 1174.3539
2012.7465 1644.0521 1174.6678
2018.2589 1647.9272 1175.0748
2023.6971 1652.2616 1175.137
2028.463 1657.6925 1175.554
2031.9562 1663.7423 1176.0284
2033.5735 1670.5311 1176.645
2036.841 1676.3834 1177.25
2038.7163 1683.1731 1178.7484
2035.0367 1688.9006 1181.2753
2028.3942 1686.9603 1182.0985
2022.3411 1683.4204 1182.1323
2017.0181 1678.9517 1182.1267
2017.7119 1680.7908 1182.1288
2023.0599 1684.8418 1182.1315
2028.7959 1688.1342 1182.155
2035.1672 1691.3937 1181.7722
2039.2148 1696.3971 1182.4581
2040.6187 1703.2836 1184.4664
2042.0201 1710.3318 1186.5306
2043.3066 1717.2268 1188.0798
2043.8146 1724.1677 1189.2795
2043.6552 1725.0636 1189.4025
2044.4312 1728.4867 1189.7819
2045.343 1732.155 1189.5895
2046.1381 1735.8503 1189.5724
2046.7114 1739.6987 1189.5994
2043.7775 1739.9529 1189.967
2043.2032 1736.4362 1189.9811
2043.549 1732.4456 1189.7983
2043.9508 1728.6261 1189.9357
2044.3306 1725.0173 1189.9956
2040.095 1726.1443 1189.834
2035.8295 1726.4478 1190.673
2034.0631 1726.6232 1191.4113
2033.6353 1724.9315 1191.889
2034.0525 1722.2401 1191.4856
2037.7666 1721.6719 1190.1422
2040.636 1719.5696 1188.9944
2036.8202 1719.5017 1189.9248
2031.8281 1718.2787 1189.5461
2031.4526 1718.1827 1189.3145
2033.8634 1718.2933 1189.9803
2037.1268 1716.4066 1188.9054
2040.4324 1714.5115 1187.7631
2042.3127 1711.1375 1186.7322
2043.2936 1707.4634 1185.8268
2043.4747 1703.7803 1184.4432
2043.1984 1699.9952 1183.0067
2042.9125 1696.082 1181.8325
2042.6344 1692.2744 1180.7433
2042.3618 1688.5421 1179.6266
2043.5431 1685.9415 1178.7338
2046.5776 1683.699 1177.5234
2050.3662 1683.2323 1178.6334
2054.2258 1682.7822 1177.0608
2057.6497 1683.7294 1176.0643
2060.097 1686.5999 1176.024
2062.6125 1689.5319 1175.7808
2066.078 1690.321 1175.3734
2069.4443 1691.6001 1175.0109
2071.4624 1694.912 1174.7677
2073.3843 1698.0876 1174.7971
2075.4312 1701.4705 1174.7919
2077.3723 1704.6787 1174.6659
2079.3682 1707.9774 1174.3618
2081.3447 1711.2438 1173.9906
2083.3486 1714.5554 1173.74
2085.3132 1717.8025 1173.7329
2087.3406 1721.153 1173.4452
2089.349 1724.0963 1172.9912
2090.8044 1727.7263 1172.4048
2092.5757 1730.422 1171.8455
2092.7063 1729.0433 1171.9602
2090.6533 1725.8997 1172.6415
2088.5437 1722.6587 1173.2262
2087.3433 1719.145 1173.7542
2085.7405 1715.6884 1173.9835
2084.112 1712.1768 1174.0414
2082.4998 1708.6995 1174.4257
2080.8745 1705.1948 1174.8949
2078.6104 1702.2557 1175.0643
2075.9182 1699.4015 1174.9978
2073.3193 1696.6462 1174.8387
2070.745 1693.9171 1174.823
2067.7544 1691.6185 1175.1494
2064.9224 1689.1254 1175.5502
2061.8435 1686.9001 1175.8821
2058.842 1684.5966 1176.1725
2055.885 1682.1222 1177.544
2053.7031 1679.1525 1175.885
2052.68 1675.49 1175.6359
2051.665 1671.8567 1175.1857
2050.6055 1668.0631 1174.5812
2049.6006 1664.4662 1173.9097
2049.2314 1660.6287 1173.1383
2049.3474 1656.8258 1172.3314
2049.634 1652.9763 1171.497
2049.8228 1649.0497 1170.7325
2049.9043 1645.2404 1170.0479
2049.9238 1641.244 1169.3065
2049.9985 1636.0996 1168.2517
2050.0803 1631.1807 1167.4263
2050.1624 1626.2422 1166.7941
2050.2432 1621.3821 1166.1566
2050.327 1616.3456 1165.7249
2050.4077 1611.4854 1165.4149
2050.493 1606.3607 1164.7528
2050.5757 1601.3829 1163.9565
2050.6594 1596.3464 1163.4015
2050.7415 1591.408 1162.9696
2050.822 1586.5674 1162.7931
2050.9065 1581.4819 1162.8414
2050.9878 1576.6022 1162.9238
2051.0232 1571.5465 1162.8983
2050.932 1566.579 1162.9631
2050.9182 1565.6481 1162.9716
2050.8958 1564.1362 1162.9913
2050.4238 1557.1849 1163.199
2052.7676 1551.0638 1163.1177
2058.5715 1547.7799 1162.5826
2064.5266 1548.5614 1161.9596
2066.853 1548.9049 1161.7017
2065.7551 1546.314 1161.866
2059.476 1543.8755 1162.3093
2057.4136 1537.0894 1162.2861
2055.7727 1530.2268 1162.3446
2054.5498 1523.2955 1162.5381
2053.6204 1516.3292 1162.931
2052.662 1509.1459 1163.2598
2051.7366 1502.2074 1163.8083
2050.7869 1495.0884 1164.5461
2049.8428 1488.0111 1165.0012
2048.9238 1481.1211 1165.3818
2047.9723 1473.9883 1165.9683
2047.0541 1467.1052 1167.2938
2046.5321 1460.1342 1169.3541
2046.8221 1452.916 1172.3949
2046.9182 1445.875 1176.2434
2046.9327 1438.9231 1180.2268
2045.3542 1432.387 1183.9872
2045.8575 1425.4333 1188.131
2046.4286 1418.4036 1190.7985
2048.8093 1412.3824 1191.792
2055.3174 1412.8885 1190.0272
2062.0493 1410.328 1186.651
2068.2148 1407.0471 1182.2544
2074.176 1403.3851 1177.8593
2080.0198 1399.091 1173.7021
2085.6428 1394.9454 1169.8618
2091.4575 1390.6587 1166.8838
2096.6484 1394.7229 1166.38
2096.8223 1401.1744 1167.1373
2093.8064 1407.4158 1167.978
2090.6553 1413.9629 1168.4851
2088.369 1420.3918 1168.7089
2087.0195 1427.3484 1168.736
2083.4167 1432.8896 1168.4908
2080.9358 1439.6134 1168.272
2078.3948 1446.241 1167.3754
2075.934 1452.6594 1166.5736
2073.353 1459.3916 1166.0011
2070.862 1465.8885 1165.4027
2068.276 1472.6338 1165.3777
2065.7651 1479.1829 1164.9248
2063.2493 1485.7451 1164.5514
2060.7383 1492.2943 1163.9221
2058.2058 1499.1447 1163.3015
2057.146 1506.1488 1162.7719
2056.0981 1513.1124 1162.6409
2055.0652 1519.9791 1162.5776
2054.6025 1527.1222 1162.4806
2054.7605 1534.0924 1162.5033
2054.8206 1541.0798 1162.5868
2060.1873 1544.6223 1162.2869
2064.9392 1549.2708 1161.909
2071.4138 1551.4794 1160.9929
2077.984 1552.579 1159.8494
2081.7642 1553.2118 1161.3839
2085.4426 1553.8274 1158.5487
2089.2676 1554.4675 1157.9545
2092.7498 1555.0503 1157.3589
2095.4343 1556.0757 1156.8303
2098.5244 1557.5143 1156.3854
2102.507 1557.5756 1156.0615
2106.3022 1557.5625 1155.9268
2107.353 1557.5469 1155.8977
2108.1611 1557.5349 1155.9047
2109.3042 1557.518 1155.9166
2110.4514 1557.501 1156.1338
2111.574 1557.4844 1157.4983
2112.245 1557.4744 1156.0565
2113.601 1557.474 1156.1134
2117.52 1557.6631 1156.4004
2121.2725 1557.8583 1156.6548
2125.1907 1558.062 1156.8699
2128.9353 1558.2567 1157.1008
2132.1206 1556.1893 1157.2085
2135.4795 1554.7589 1157.4658
2139.593 1556.1033 1157.6306
2144.118 1557.852 1157.9181
2148.779 1559.6093 1158.4196
2153.4285 1561.3331 1158.6584
2158.2007 1563.1412 1158.918
2162.7007 1564.873 1159.1868
2167.1091 1566.6232 1159.4495
2169.4456 1567.5505 1160.7905
2171.7 1568.4454 1160.0829
2175.3105 1569.8789 1161.2701
2178.803 1571.2651 1160.713
2182.5674 1572.0509 1159.4653
2186.3914 1572.4813 1159.388
2190.1414 1572.8143 1159.0535
2193.9229 1573.1353 1158.8206
2198.7693 1573.4865 1158.7427
2191.5857 1573.2805 1158.8967
2190.7708 1572.7635 1158.9631
2191.1274 1573.178 1158.9502
2191.458 1573.1627 1158.9039
2190.8794 1572.6622 1158.9402
2190.8994 1572.7434 1158.9446
2191.2712 1572.4846 1158.8721
2190.9187 1573.1602 1158.9773
2191.4028 1572.5377 1158.8585
2191.0115 1573.3057 1158.9767
2191.3428 1573.3643 1158.9366
2191.7446 1572.8494 1158.8481
2191.1074 1573.391 1158.9703
2190.751 1572.9612 1158.9829
2191.7434 1572.9828 1158.8605
2191.045 1572.4546 1158.8999
2191.3145 1572.4156 1158.8613
2191.4006 1573.3876 1158.9307
2190.7954 1572.7 1158.9547
2191.427 1573.5374 1158.9402
2194.7495 1574.5957 1158.8124
2198.5505 1575.0764 1158.7705
2202.2966 1575.2417 1158.7668
2206.1863 1575.4133 1158.6372
2209.643 1574.685 1158.5415
2213.2063 1574.604 1158.5156
2217.0105 1575.3177 1158.4563
2220.7183 1576.0134 1158.3511
2222.2822 1575.457 1158.2762
2222.2822 1575.457 1159.9165
2222.4236 1575.4717 1158.2756
2226.2126 1576.2218 1158.2858
2229.981 1577.0525 1158.3882
2233.5693 1578.127 1158.6427
2237.3198 1577.9005 1159.1976
2241.0295 1578.8033 1159.8004
2245.3066 1580.0194 1160.3583
2250.1277 1580.9435 1161.1292
2255.1404 1581.9147 1162.0833
2259.997 1582.8655 1163.139
2264.9746 1583.7627 1163.7356
2269.768 1584.2817 1164.1245
2274.835 1584.8256 1164.6141
2279.892 1585.3684 1164.882
2284.8032 1585.8955 1165.5143
2289.831 1586.4353 1166.0887
2294.713 1586.9592 1166.6531
2295.0046 1591.6724 1166.564
2294.117 1598.6661 1166.3689
2292.3057 1605.1194 1166.0808
2292.2817 1612.1785 1166.2892
2292.0144 1619.201 1166.131
2291.6172 1626.302 1166.0814
2291.2217 1633.3749 1166.1304
2290.8237 1640.4897 1166.0856
2290.424 1647.6356 1166.4324
2290.037 1654.5548 1166.4534
2289.643 1661.5999 1166.4901
2289.2341 1668.9104 1167.191
2288.8315 1676.1091 1168.8843
2288.441 1683.0879 1171.1666
2287.8787 1690.0588 1173.1809
2283.124 1695.3346 1174.2767
2278.328 1699.7794 1174.3079
2272.7026 1703.4005 1173.4082
2266.426 1706.6055 1171.7219
2259.906 1709.3112 1168.8381
2253.77 1707.1094 1165.7346
2252.2515 1700.7307 1166.0195
2254.268 1694.3651 1166.0029
2256.2668 1687.7317 1166.0741
2259.7717 1682.151 1166.1156
2263.7104 1676.7472 1166.102
2266.8904 1670.5425 1165.6489
2273.5776 1669.5518 1166.5217
2278.3538 1674.476 1167.9987
2281.7905 1680.6305 1169.9863
2283.6091 1687.5317 1172.4625
2282.3582 1693.866 1173.9502
2277.0886 1698.8479 1174.1223
2271.3164 1701.8083 1173.276
2266.4526 1706.8392 1171.6733
2261.6094 1712.2369 1168.0994
2256.6487 1717.4863 1164.5509
2251.65 1722.3662 1161.5526
2246.5986 1727.2527 1159.1418
2241.3962 1732.285 1157.5393
2237.6758 1737.8518 1156.303
2234.1777 1744.1633 1154.7712
2229.8906 1749.685 1153.206
2224.6638 1754.3918 1152.2507
2218.2705 1756.2476 1152.3359
2211.3289 1755.3468 1153.3735
2204.222 1754.1384 1154.4563
2197.2922 1752.9343 1155.5166
2190.2075 1751.846 1156.5854
2183.2908 1750.6813 1157.6116
2176.1711 1749.4323 1158.5918
2169.1938 1748.208 1159.6594
2162.3127 1747.0009 1160.7051
2155.2803 1745.7671 1161.7745
2148.3718 1744.5549 1162.8295
2141.4358 1743.3381 1163.9393
2134.3342 1742.0922 1165.1132
2128.7495 1741.1124 1165.9664
2128.7358 1741.11 1165.9685
2121.7996 1739.8931 1167.028
2115.0173 1738.9103 1168.0483
2108.3105 1738.205 1169.038
2101.1785 1737.4336 1170.0881
2095.2144 1734.7045 1170.9939
2091.5393 1728.5828 1172.2089
2088.0076 1722.5553 1173.268
2084.431 1716.4406 1173.7483
2080.8472 1710.3137 1174.0802
2077.1785 1704.0419 1174.7317
2072.2827 1698.955 1174.7493
2067.2258 1694.1147 1175.0793
2061.8518 1689.5741 1175.8756
2056.0615 1686.0964 1176.3
2049.611 1688.31 1178.9147
2050.7236 1684.9031 1176.9143
2052.9714 1678.4562 1175.8572
2053.3577 1671.2008 1175.0654
2053.695 1664.1809 1173.6497
2054.0356 1657.0911 1172.2739
2054.377 1649.9873 1170.7394
2054.717 1642.9115 1169.5514
2055.0522 1635.9335 1168.101
2055.4001 1628.69 1167.4053
2055.553 1621.5098 1166.3977
2055.6716 1614.3568 1166.2413
2055.7874 1607.3857 1164.5337
2055.9048 1600.3027 1163.6785
2056.0242 1593.1217 1163.2153
2056.1423 1585.9967 1162.8037
2056.259 1578.9493 1162.8463
2056.3752 1571.9503 1162.64
2056.4941 1564.7894 1162.8608
2056.6145 1557.5385 1162.8907
2056.7305 1550.5394 1162.9059
2056.8506 1543.3024 1162.4594
2056.9678 1536.2474 1162.2946
2057.0867 1529.0803 1162.2174
2057.203 1522.0813 1162.1816
2058.7898 1515.324 1162.2566
2059.7927 1508.4902 1162.3363
2061.674 1501.7632 1162.6412
2063.75 1494.8439 1163.3833
2065.7617 1488.1392 1164.1853
2067.8416 1481.2064 1164.9319
2069.8518 1474.507 1165.5142
2071.954 1467.7866 1165.4851
2074.1838 1460.9448 1165.9152
2076.3486 1454.3027 1166.5789
2078.5913 1447.4209 1167.2656
2080.7646 1440.7521 1168.1857
2083.112 1433.9215 1168.4939
2085.7327 1427.4158 1168.5466
2088.5222 1420.9957 1168.7323
2091.5173 1414.4373 1168.5006
2094.4343 1408.0586 1167.9675
2097.4438 1401.4913 1167.07
2100.5452 1395.2167 1165.768
2102.9766 1388.8104 1164.3214
2107.6853 1383.4385 1162.6837
2113.7893 1380.9485 1162.9403
2120.7715 1381.8645 1163.8097
2127.809 1382.788 1164.6833
2134.7913 1383.704 1165.55
2141.8567 1384.631 1166.427
2148.8943 1385.5544 1167.3007
2155.9043 1386.4741 1168.0322
2162.9976 1387.4048 1168.913
2170.0212 1388.3264 1169.7876
2176.8647 1389.2242 1170.6416
2184.0273 1390.1641 1171.5334
2190.8706 1391.0619 1172.3818
2198.075 1392.0071 1173.4116
2204.9185 1393.8551 1174.2537
2211.7378 1395.612 1175.0935
2218.4888 1397.4084 1175.922
2225.5625 1397.3436 1176.8082
2232.532 1397.4066 1177.6788
2237.9692 1401.2399 1178.3645
2242.619 1406.4589 1179.6781
2246.892 1412.1257 1180.5604
2251.024 1417.7762 1180.8387
2255.203 1423.5809 1181.389
2258.954 1429.441 1182.332
2262.9412 1435.381 1182.9525
2266.921 1441.2754 1183.7567
2271.878 1446.5789 1184.5162
2277.2715 1451.3424 1184.7285
2282.4763 1455.9391 1184.1716
2287.702 1460.5543 1183.5747
2293.1692 1465.3827 1182.7809
2298.7744 1469.2375 1182.5189
2305.4463 1471.6844 1182.2031
2311.2673 1475.5092 1181.556
2307.155 1479.0261 1181.0269
2300.9768 1482.1603 1179.7001
2295.314 1486.2642 1178.55
2289.6306 1490.4858 1177.0837
2288.4314 1497.5667 1175.3403
2287.0955 1504.4232 1173.9685
2285.5535 1511.2943 1172.8011
2283.953 1518.4249 1171.905
2282.423 1525.2413 1171.0542
2280.7578 1532.2837 1169.6554
2278.2253 1538.7014 1169.0586
2276.78 1545.5315 1167.8885
2274.68 1552.5288 1167.5731
2272.3123 1559.1011 1166.7482
2269.2686 1565.3435 1165.5457
2264.5205 1570.6432 1164.5244
2258.9824 1574.5865 1163.3044
2253.285 1574.5132 1162.1973
2250.7917 1574.4622 1161.6646
2248.8682 1574.4226 1161.2784
2246.894 1574.3812 1160.8778
2244.1655 1574.4431 1160.4128
2240.3865 1574.5289 1159.8353
2236.5845 1574.5349 1159.202
2232.8577 1574.5575 1158.5714
2228.8962 1574.5852 1159.8586
2225.192 1574.6111 1158.9548
2221.423 1574.6254 1159.9033
2217.5369 1574.5687 1158.6976
2213.7688 1574.2689 1159.9167
2210.1074 1573.9775 1158.5698
2205.847 1573.8818 1158.6891
2201.4187 1574.8712 1158.7698
2196.518 1573.7496 1159.3956
2191.8315 1572.4235 1160.0753
2187.6995 1571.2543 1160.2384
2184.0405 1570.2189 1160.0918
2180.3423 1569.1725 1159.4716
2177.8445 1567.3005 1159.9802
2176.155 1565.1663 1159.7194
2172.3416 1564.1355 1159.5111
2168.7844 1563.1942 1159.3967
2166.3313 1562.5621 1159.2268
2163.6365 1561.8806 1158.9979
2159.8306 1561.0243 1160.5825
2156.2153 1560.2157 1158.6735
2152.4565 1559.5049 1160.2399
2148.7117 1558.8024 1158.4741
2144.918 1558.0929 1158.0029
2141.1663 1557.663 1157.7188
2138.263 1557.0262 1157.6334
2136.4033 1557.0319 1157.5332
2134.4414 1557.0378 1157.4242
2132.5703 1557.0436 1157.2909
2130.6577 1557.0494 1157.1298
2128.7676 1557.0552 1157.0444
2126.8362 1557.0612 1156.9044
2124.9006 1557.067 1156.8596
2123.0447 1557.0728 1156.739
2121.1057 1557.0786 1156.6683
2119.208 1557.0845 1156.5149
2117.269 1557.0903 1156.3936
2115.379 1557.0962 1156.2351
2113.489 1557.1019 1156.1113
2112.801 1557.104 1156.0914
2109.6863 1557.1135 1155.9366
2105.8916 1557.1202 1155.9364
2102.069 1556.7869 1156.0642
2098.306 1556.0829 1156.3706
2094.5906 1555.3859 1156.9681
2090.7844 1554.7211 1157.7129
2086.9924 1554.218 1158.3005
2083.2534 1553.7189 1158.8624
2079.504 1553.0474 1159.5424
2074.972 1552.6245 1160.3677
2070.0564 1552.2538 1161.1852
2065.0 1551.9313 1161.8853
2060.1394 1551.6212 1162.5417
2055.0928 1551.2993 1163.0199
2050.144 1550.9836 1163.2402
2045.2963 1550.6746 1163.9775
2040.2301 1550.3514 1164.7336
2035.3694 1550.0414 1165.4613
2030.4011 1549.7244 1166.3815
2025.3644 1549.4031 1167.1576
2020.6992 1549.1056 1167.677
2015.4669 1548.7719 1168.3733
2010.4692 1548.453 1170.0686
2005.9685 1548.1659 1169.5682
2002.2415 1547.9281 1170.3439
1998.4043 1547.6833 1170.5465
1994.5565 1547.4379 1170.0585
1990.8245 1547.1998 1171.305
1987.5577 1546.9915 1170.1422
1988.5471 1547.035 1170.0657
1991.1074 1547.148 1169.897
1994.8912 1547.3148 1170.9915
1998.7885 1547.4867 1170.3982
2001.9672 1548.9679 1169.2374
2005.3707 1550.318 1169.1669
2006.995 1550.7094 1169.1248
2006.2466 1550.6998 1169.1619
2002.3308 1550.6503 1169.3429
1998.5059 1550.5964 1169.4647
1994.5522 1550.5004 1169.6243
1989.4872 1550.3766 1169.998
1984.6473 1550.2583 1170.2184
1979.6606 1550.1364 1170.6011
1974.7925 1550.6104 1171.2642
1969.891 1551.637 1171.9269
1965.3707 1553.0276 1172.6942
1960.8735 1555.2806 1173.3849
1958.2567 1559.3368 1173.9944
1957.322 1564.1306 1174.3654
1956.531 1569.1431 1174.938
1955.9893 1573.9847 1175.0131
1955.9183 1578.7699 1174.9479
1959.112 1582.5762 1174.682
1962.2617 1586.3297 1174.4469
1965.5626 1590.2635 1174.237
1968.6934 1593.9946 1173.9808
1971.8871 1597.8008 1173.6815
1975.0178 1601.5319 1173.3829
1978.2683 1605.4056 1172.9651
1981.481 1609.2344 1172.8867
1984.6683 1613.033 1172.8318
1988.4355 1614.8351 1172.6793
1993.4509 1614.1058 1172.4691
1998.3708 1613.8005 1169.5326
2003.3788 1613.4899 1167.0784
2008.3477 1613.1816 1164.9111
2013.3263 1612.8727 1168.5823
2018.1777 1612.5717 1168.4108
2023.1858 1612.261 1166.9031
2028.0568 1611.9589 1164.7517
2033.0549 1611.6487 1165.2933
2035.8694 1608.1395 1165.1908
2036.9889 1603.1881 1164.7819
2038.0759 1598.38 1165.6692
2039.1781 1593.505 1165.6731
2039.2681 1588.6544 1165.7279
2038.6086 1583.799 1165.0662
2036.5529 1580.4617 1166.5614
2034.2627 1577.4711 1165.7697
2030.607 1576.4515 1166.4587
2026.9514 1575.229 1166.7006
2023.326 1573.9618 1165.0671
2019.6985 1572.6782 1163.047
2016.1892 1571.4207 1163.0554
2012.4742 1570.0894 1164.3793
2008.7255 1568.746 1165.8997
2004.168 1567.1128 1165.5281
1999.4745 1565.4309 1168.8259
1994.8157 1563.7615 1169.9816
1990.1013 1562.072 1170.2258
1985.3687 1560.3761 1170.4442
1980.7559 1558.723 1170.6234
1976.0048 1557.0205 1171.014
1971.3644 1555.3575 1171.7401
1966.6962 1553.6847 1172.402
1963.415 1550.5995 1173.0477
1961.0153 1546.2399 1173.3453
1959.6116 1541.557 1173.5249
1960.6893 1538.4225 1173.6632
1961.0724 1543.2788 1173.34
1960.7102 1548.1348 1173.3892
1963.5154 1552.0804 1173.0612
1966.4 1556.138 1172.438
1969.4066 1560.1417 1172.4062
1972.8375 1563.6874 1170.9064
1976.1437 1567.3291 1170.1353
1979.4609 1571.0806 1168.0096
1982.7977 1574.8541 1167.6816
1986.0502 1578.5321 1165.4229
1989.322 1582.2322 1166.0084
1992.6459 1585.991 1169.1499
1995.8983 1589.669 1168.925
1999.2676 1593.4792 1168.2596
2002.5134 1597.1499 1167.9489
2005.7788 1600.8427 1167.0886
2009.0897 1604.5867 1163.5094
2012.3486 1608.2721 1165.5374
2015.7114 1612.075 1168.4811
2018.9377 1615.7236 1168.9708
2022.1967 1619.4089 1169.2157
2025.5659 1623.2192 1169.2424
2028.7859 1626.8605 1166.6326
2032.1357 1630.6487 1165.741
2035.4044 1634.3452 1168.4397
2038.7217 1638.0967 1169.2107
2042.0066 1641.8114 1170.1714
2045.2266 1645.4528 1170.5349
2046.6353 1647.0458 1170.6542
