1		72	3	2	12	0	0	0	0	0	0	0	0
2		72	5	4	10	0	0	0	0	0	0	0	0
3		72	3	2	12	0	0	0	0	0	0	0	0
4		72	3	2	12	0	0	0	0	0	0	0	0
5		72	5	4	10	0	0	0	0	0	0	0	0
6		72	5	4	10	0	0	0	0	0	0	0	0
7		0	0	0	0	0	0	0	0	0	0	0	0
10		2056	3	2	0	0	0	0	0	0	0	0	0
11		2081	3	2	12	0	0	0	0	0	0	0	0
12		0	2	2	4	0	0	0	0		0	0	0
14		0	8	0	1	0	0	0	0	0	0	0	0
15		1	0	0	0	0	0	0	0		0	0	0
16		1	8	0	1	0	0	0	0		0	0	0
17		1	8	0	1	0	0	0	0		0	0	0
18		1	8	0	1	0	0	0	0		0	0	0
19		1	8	0	1	0	0	0	0		0	0	0
20		1	8	0	1	0	0	0	0		0	0	0
21		1	8	0	1	0	0	0	0		0	0	0
22		0	8	0	1	0	0	0	0		0	0	0
23		2049	2	2	4	0	0	0	0	0	0	0	0
24		1	8	0	1	0	0	0	0		0	0	0
25		0	8	0	0	0	0	0	0		0	0	0
26		1	8	0	1	0	0	0	0		0	0	0
27		1	8	0	1	1	0	0	0		0	0	0
28		1	8	0	1	0	0	0	0		0	0	0
29		0	4	4	2	0	0	0	0	0	0	0	0
30		1	8	0	1	0	0	0	0		0	0	0
31		1024	0	0	0	0	0	0	0		28	0	0
32		16	0	0	0	28	0	0	0	0	0	0	0
33		2056	5	4	0	0	0	0	0	0	0	0	0
34		1	8	0	0	0	0	0	0		0	0	0
35		0	0	1	0	0	0	0	0		0	0	0
36		1025	0	0	0	0	0	0	0		0	0	0
37		1	8	0	1	0	0	0	0		0	0	0
38		17	8	0	1	28	0	0	0		0	0	0
39		1	8	0	1	0	0	0	0		0	0	0
40		1	8	0	1	0	0	0	0		0	0	0
41		49	8	0	1	36	0	0	0		0	0	0
42		9	1	1	0	0	0	0	0		0	0	0
43		33	8	0	0	36	0	0	0		0	0	0
44		1	8	0	1	0	0	0	0		0	0	0
45		1	8	0	1	0	0	0	0		0	0	0
46		1	8	0	1	0	0	0	0		0	0	0
47		1	8	0	1	0	0	0	0		0	0	0
48		1	8	0	1	0	0	0	0		0	0	0
49		0	8	0	1	0	0	0	0		0	0	0
50		1	8	0	1	0	0	0	0		0	0	0
51		1	8	0	1	46		0	0		0	0	0
52		8	8	0	0	770	0	0	0	0	0	0	0
53		0	2	2	12	0	0	0	0		0	0	0
54		1	8	0	1	0	0	0	0		0	0	0
55		0	2	2	4	0	0	0	0		0	0	0
56		33	2	2	12	0	0	0	0		0	0	0
57		2081	3	2	12	0	0	0	0	0	0	0	0
58		1	8	0	0	0	0	0	0	0	0	0	0
59		1	8	0	1	0	0	0	0		0	0	0
60		1	8	0	1	0	0	0	0		0	0	0
61		1	8	0	1	0	0	0	0		0	0	0
62		1	8	0	1	1015			0		0	0	0
63		1	8	0	1	0	0	0	0		0	0	0
64		1	2	2	4	0	0	0	0	0	0	0	0
65		1	0	0	0	45	0	0	0		0	0	0
66		17	8	0	1	28	0	0	0		0	0	0
67		1	8	0	1	0	0	0	0		0	0	0
68		0	4	4	2	0	0	0	0	0	0	0	0
69		0	0	0	0	0	0	0	0		0	0	0
70		1	8	0	1	0	0	0	0		0	0	0
71		2081	5	4	10	0	0	0	0	0	0	0	0
72		1	8	0	1	0	0	0	0		0	0	0
73		1	8	0	1	0	0	0	0		0	0	0
74		1	8	0	1	289	0	0	0		0	0	0
76		33	0	2	4	0	0	0	0		0	0	0
77		0	8	0	0	0	0	0	0	0	0	0	0
78		0	8	0	1	0	0	0	0	0	0	0	0
79		2081	3	2	12	0	0	0	0	0	0	0	0
80		0	2	2	4	0	0	0	0		0	0	0
81		1025	8	0	1	0	0	0	0		0	0	0
82		1	8	0	1	0	0	0	0		0	0	0
83		33	4	4	2	0	0	0	0	0	0	0	0
84		33	2	2	4	0	0	0	0	0	0	0	0
85		2081	5	4	10	0	0	0	0	0	0	0	0
86		64	0	1	0	769	0	0	0		0	0	0
87		1	8	0	1	0	0	0	0		0	0	0
88		33	2	2	4	0	0	0	0		0	0	0
89		33	8	0	1	20	0	0	0		0	0	0
90		1	8	0	1	0	0	0	0		0	0	0
91		0	8	0	1	0	0	0	0		0	0	0
92		0	8	0	1	0	0	0	0	0	0	0	0
93		8	8	0	1	0	0	0	0	0	0	0	0
94		0	0	8	0	0	0	0	0	0	0	0	0
95		1	8	0	1	0	0	0	0		0	0	0
96		0	2	2	0	0	0	0	0	0	0	0	0
97		64	8	0	0	79	0	0	0		0	0	0
98		8	4	4	10	0	0	0	0	0	0	0	0
99		8	8	0	0	0	0	0	0	0	0	0	0
100		32	0	0	9	0	0	0	0	0	0	0	0
101		0	0	8	4	0	0	0	0	0	0	0	0
102		0	0	8	2	0	0	0	0	0	0	0	0
103		65	8	0	1	689	0	0	0		0	0	0
104		0	4	4	2	0	0	0	0	0	0	0	0
105		2081	5	4	10	0	0	0	0	0	0	0	0
106		33	4	4	10	0	0	0	0	0	0	0	0
107		0	8	0	1	0	0	0	0	0	0	0	0
108		64	0	0	0	79	0	0	0		0	0	0
109		1	8	0	1	0	0	0	0		111	0	0
110		33	8	0	1	85	0	0	0		0	0	0
111		1	8	0	1	0	0	0	0		111	0	0
112		33	8	0	1	110	0	0	0		111	0	0
113		2056	1	1	0	0	0	0	0	0	0	0	0
114		0	0	0	1	0	0	0	0	0	0	0	0
115		72	3	2	12	0	0	0	0	0	0	0	0
116		72	5	4	10	0	0	0	0	0	0	0	0
118		33	4	4	2	0	0	0	0	0	0	0	0
119		1	8	0	1	0	0	0	0		0	0	0
120		0	0	0	0	0	0	0	0		0	0	0
121		6177	1	0	8	0	0	0	0		0	0	0
122		33	2	2	4	0	0	0	0	0	0	0	0
123		33	2	2	4	0	0	0	0	0	0	0	0
124		33	2	2	4	0	0	0	0	0	0	0	0
125		33	4	4	2	0	0	0	0	0	0	0	0
126		0	4	4	2	0	0	0	0	0	0	0	0
127		32	0	0	1	0	0	0	0	0	0	0	0
128		1	8	0	1	0	0	0	0		0	0	0
129		1	8	0	1	0	0	0	0		0	0	0
130		1	8	0	1	0	0	0	0		0	0	0
131		1	8	0	1	0	0	0	0		0	0	0
132		1	8	0	1	0	0	0	0		0	0	0
133		1	8	0	1	0	0	0	0		0	0	0
134		1	8	0	1	0	0	0	0		0	0	0
148		0	8	0	1	0	0	0	0	0	0	0	0
149		1025	2	2	0	0	0	0	0	0	0	0	0
150		2081	3	2	12	0	0	0	0	0	0	0	0
151		0	2	0	4	0	0	0	0	0	0	0	0
152		1	8	0	1	0	0	0	0		111	0	0
153		0	8	0	0	0	0	0	0		111	0	0
154		1	8	0	1	0	0	0	0		85	111	110
168		0	0	0	1	0	0	0	0	0	0	0	0
188		1025	0	0	0	0	0	0	0		28	0	0
189		1024	0	0	0	0	0	0	0	0	0	0	0
190		0	0	0	0	0	0	0	0	0	0	0	0
208		5	2	2	0	0	0	0	0		0	0	0
209		2	2	2	0	0	0	0	0		0	0	0
210		33	2	2	12	0	0	0	0		0	0	0
230		1	8	0	1	0	0	0	0		0	0	0
231		2120	3	2	8	0	0	0	0	0	0	0	0
232		2120	5	4	8	0	0	0	0	0	0	0	0
233		33	8	0	1	68	0	0	0		0	0	0
250		2120	1	1	8	0	0	0	0	0	0	0	0
270		1	8	0	1	0	0	0	0		0	0	0
290		8	1	1	0	0	0	0	0	0	0	0	0
310		1	8	0	1	0	0	0	0		0	0	0
311		1	8	0	0	0	0	0	0		0	0	0
312		1	8	0	1	0	0	0	0		0	0	0
330		1	8	0	0	0	0	0	0		0	0	0
350		0	8	0	0	0	0	0	0		0	0	0
370		33	8	8	1	912	0	0	0		0	0	0
371		0	2	2	4	0	0	0	0		0	0	0
390		33	0	0	0	60	0	0	0		0	0	0
410		1	8	0	1	0	0	0	0		0	0	0
411		1	8	0	1	0	0	0	0		0	0	0
412		33	4	4	2	509	0	0	0		0	0	0
413		1	8	0	1	0	0	0	0		0	0	0
414		1	8	0	1	65	0	0	0		0	0	0
415		1	8	0	1	0	0	0	0		0	0	0
416		0	8	0	0	0	0	0	0	0	0	0	0
430		0	0	0	0	0	0	0	0	0	0	0	0
450		33	8	0	1	40	0	0	0		0	0	0
470		0	8	0	1	0	0	0	0	0	0	0	0
471		1	0	0	0	0	0	0	0		0	0	0
472		65	8	0	1	349	0	0	0		0	0	0
473		65	0	0	0	70	0	0	0		0	0	0
474		0	0	0	0	0	0	0	0		0	0	0
475		6177	1	0	8	0	0	0	0		0	0	0
494		32	8	0	1	53	0	0	0		0	0	0
495		2121	1	1	8	0	0	0	0		0	0	0
514		1	8	0	1	0	0	0	0		0	0	0
534		0	2	2	0	0	0	0	0	0	0	0	0
554		1	8	0	7	0	0	0	0		0	0	0
574		33	8	0	1	450	0	0	0		0	0	0
575		0	8	0	1	0	0	0	0		0	0	0
594		0	8	0	0	0	0	0	0	0	0	0	0
614		9	0	1	0	0	0	0	0		0	0	0
634		0	8	0	0	0	0	0	0	0	0	0	0
635		1	0	0	0	0	0	0	0		0	0	0
636		0	8	0	1	65	0	0	0		0	0	0
637		6177	1	0	8	0	0	0	0		0	0	0
654		1	8	0	1	0	0	0	0		0	0	0
655		9	8	0	5	0	0	0	0		0	0	0
674		1	0	0	0	0	0	0	0		0	0	0
694		0	2	2	4	0	0	0	0		0	0	0
695		1	0	0	0	0	0	0	0		0	0	0
714		33	4	4	0	0	0	0	0	0	0	0	0
734		1	1	1	0	0	0	0	0		0	0	0
735		0	1	1	0	0	0	0	0		0	0	0
736		1	8	0	1	0	0	0	0		0	0	0
754		65	8	0	1	34	0	0	0		0	0	0
774		8	3	2	0	0	0	0	0	0	0	0	0
775		8	5	4	0	0	0	0	0	0	0	0	0
776		0	0	0	0	249		0	0		531	0	0
777		33	1	1	0	915	0	0	0		0	0	0
778		1	8	0	1	0	0	0	0		0	0	0
794		0	0	0	0	0	0	0	0		0	0	0
795		1	8	0	1	0	0	0	0		0	0	0
814		1	0	0	0	0	0	0	0		0	0	0
834		1	8	0	1	0	0	0	0		0	0	0
854		6177	1	0	8	0	0	0	0		0	0	0
855		0	0	0	0	0	0	0	0		0	0	0
874		33	2	2	4	0	0	0	0	0	0	0	0
875		0	2	2	4	0	0	0	0	0	0	0	0
876		33	4	4	2	0	0	0	0	0	0	0	0
877		2081	5	4	10	0	0	0	0	0	0	0	0
894		0	2	2	4	0	0	0	0		0	0	0
914		0	0	0	0	0	0	0	0	0	0	0	0
934		0	8	0	1	0	0	0	0		0	0	0
954		0	8	0	1	0	0	0	0		0	0	0
974		0	8	0	1	0	0	0	0		0	0	0
994		0	0	0	0	0	0	0	0		0	0	0
995		33	4	4	2	0	0	0	0	0	0	0	0
996		33	1	0	8	249	0	0	0		0	0	0
1014		1	0	0	0	0	0	0	0		0	0	0
1015		0	0	0	0	0	0	0	0		0	0	0
1034		0	4	0	2	0	0	0	0	0	0	0	0
1054		2081	3	2	12	0	0	0	0		0	0	0
1055		33	2	2	4	0	0	0	0		0	0	0
1074		1	4	4	2	0	0	0	0	0	0	0	0
1075		1	2	2	4	0	0	0	0		0	0	0
1076		1	2	2	4	0	0	0	0		0	0	0
1077		33	2	2	4	0	0	0	0		0	0	0
1078		1	2	2	4	0	0	0	0		0	0	0
1080		8	0	1	0	74	0	0	0		649	0	0
1081		1	8	0	1	649	0	0	0		0	0	0
1094		1024	0	0	0	0	0	0	0	0	0	0	0
1095		0	0	0	0	0	0	0	0	0	0	0	0
1096		2080	3	2	12	679	0	0	0	0	0	0	0
1097		32	2	2	4	0	0	0	0	0	0	0	0
1114		64	8	0	1	80	0	0	0		0	0	0
1134		2080	5	4	10	679	0	0	0	0	0	0	0
1154		2080	5	4	10	679	0	0	0	0	0	0	0
1174		73	4	4	2	0	0	0	0	0	0	0	0
1194		0	0	0	0	0	0	0	0	0	0	0	0
1214		33	5	4	10	730	0	0	0		0	0	0
1215		1	4	4	2	730	0	0	0		0	0	0
1216		33	3	2	12	729	0	0	0		0	0	0
1217		1	2	2	4	729	0	0	0		0	0	0
1234		33	8	0	1	749	0	0	0		0	0	0
1235		1	8	0	1	749	0	0	0		0	0	0
1236		0	8	0	1	749	0	0	0		0	0	0
1254		4129	1	0	8	0	0	0	0		0	0	0
1274		33	0	0	4	0	0	0	0	0	0	0	0
1275		33	0	0	2	0	0	0	0	0	0	0	0
1294		0	8	0	1	770	0	0	0	0	0	0	0
1314		65	4	4	2	0	0	0	0	0	0	0	0
1315		65	2	2	4	0	0	0	0	0	0	0	0
1334		0	2	2	4	729	0	0	0		0	0	0
1335		0	4	4	2	730	0	0	0		0	0	0
1354		0	0	0	0	0	0	0	0		0	0	0
1355		1	0	0	0	0	0	0	0		0	0	0
1374		1	8	0	1	0	0	0	0		0	0	0
1375		32	0	0	9	0	0	0	0	0	0	0	0
1394		33	8	0	1	689		0	0		0	0	0
1395		1	8	0	1	0	0	0	0		0	0	0
1414		0	0	0	4	0	0	0	0	0	0	0	0
1415		0	0	0	2	0	0	0	0	0	0	0	0
1434		1	8	0	1	0	0	0	0		0	0	0
1454		9	0	1	0	35	0	0	0		0	0	0
1474		1	0	0	0	0	0	0	0		0	0	0
1475		0	0	0	0	0	0	0	0		0	0	0
1494		0	4	4	2	0	0	0	0		0	0	0
1495		2081	5	4	10	0	0	0	0		0	0	0
1496		33	4	4	2	0	0	0	0		0	0	0
1514		33	2	2	4	0	0	0	0	0	0	0	0
1515		33	4	4	2	0	0	0	0	0	0	0	0
1534		33	2	2	4	729	0	0	0		0	0	0
1554		2120	5	4	8	0	0	0	0	0	0	0	0
1555		0	0	0	0	0	0	0	0		0	0	0
1574		0	0	0	0	0	0	0	0		0	0	0
1575		33	3	2	12	0	0	0	0	0	0	0	0
1576		33	2	2	4	0	0	0	0		0	0	0
1577		33	2	2	4	510	0	0	0		0	0	0
1594		33	3	2	12	0	0	0	0	0	0	0	0
1595		33	5	4	10	0	0	0	0	0	0	0	0
1596		33	3	2	12	729	0	0	0		0	0	0
1597		33	5	4	10	730	0	0	0		0	0	0
1598		0	4	4	2	509	0	0	0		0	0	0
1599		0	2	2	4	510	0	0	0		0	0	0
1600		33	2	2	8	0	0	0	0	0	0	0	0
1601		33	0	0	0	249		0	0		531	0	0
1602		33	4	4	2	0	0	0	0	0	0	0	0
1603		2081	5	4	10	0	0	0	0	0	0	0	0
1604		0	4	4	2	0	0	0	0	0	0	0	0
1605		0	0	0	1	0	0	0	0		0	0	0
1606		0	0	4	2	7	0	0	0	0	0	0	0
1607		0	0	4	2	7	0	0	0	0	0	0	0
1608		73	1	0	8	249	0	0	0		0	0	0
1610		72	5	4	10	0	0	0	0	0	0	0	0
1611		65	3	2	4	916	0	0	0	0	0	0	0
1612		65	5	4	2	916	0	0	0	0	0	0	0
1613		0	1	1	0	915	0	0	0		0	0	0
1614		1	8	0	1	0	0	0	0		0	0	0
1615		6177	1	0	8	0	0	0	0		577	369	0
1616		0	0	15	0	918	0	0	0		0	0	0
1617		64	0	0	1	919	0	0	0		0	0	0
1618		33	2	2	12	0	0	0	0	0	0	0	0
1619		33	4	4	10	0	0	0	0	0	0	0	0
1620		0	0	0	15	0	0	0	0	0	0	0	0
1621		0	2	0	4	920	0	0	0	0	0	0	0
1622		0	2	0	4	921	0	0	0	0	0	0	0
1623		0	4	4	2	0	0	0	0	0	0	0	0
1624		2115	1	0	8	0	0	0	0		0	0	0
1625		4129	1	0	8	0	0	0	0		0	0	0
1626		33	8	0	1	679	0	0	0		0	0	0
1627		33	4	4	2	0	0	0	0	0	0	0	0
1628		35	4	4	2	0	0	0	0	0	0	0	0
1629		72	3	2	12	0	0	0	0	0	0	0	0
1630		37	0	0	15	14		0	0		20	0	0
1634		33	8	0	0	68		0	0		20	0	0
1635		6161	0	0	0	891	0	0	0		892	0	0
1636		1	4	4	2	0	0	0	0	0	0	0	0
1637		0	4	4	2	0	0	0	0	0	0	0	0
1638		0	2	2	4	0	0	0	0	0	0	0	0
1639		2081	3	2	12	0	0	0	0	0	0	0	0
1640		33	2	2	4	0	0	0	0	0	0	0	0
1641		1	4	4	2	0	0	0	0	0	0	0	0
1642		1	2	2	4	0	0	0	0	0	0	0	0
1643		1	8	0	1	0	0	0	0		0	0	0
1644		33	2	2	4	0	0	0	0	0	0	0	0
1645		2081	3	2	12	0	0	0	0	0	0	0	0
1646		33	2	2	4	0	0	0	0	0	0	0	0
1647		2081	3	2	12	0	0	0	0	0	0	0	0
1648		0	2	2	4	0	0	0	0		0	0	0
1649		1	2	2	4	0	0	0	0		0	0	0
1650		2081	5	4	10	0	0	0	0	0	0	0	0
1651		33	4	4	2	28	0	0	0	0	0	0	0
1652		0	4	4	2	0	0	0	0	0	0	0	0
1653		1	4	4	2	0	0	0	0	0	0	0	0
1654		0	2	2	4	0	0	0	0		0	0	0
1655		1	2	2	4	0	0	0	0		0	0	0
1656		2081	5	4	10	0	0	0	0	0	0	0	0
1657		33	4	4	2	0	0	0	0	0	0	0	0
1658		0	4	4	2	0	0	0	0	0	0	0	0
1659		33	1	0	8	60	0	0	0		0	0	0
1660		0	1	0	8	0	0	0	0		0	0	0
1661		4129	1	0	8	0	0	0	0		0	0	0
1662		1	8	0	1	0	0	0	0		0	0	0
1663		289	8	0	1	945	0	0	0		0	0	0
1664		33	8	0	1	944	0	0	0		0	0	0
1665	0	2080	1	7	8	0	0	0	0	0	0	0	0
1666		2081	3	2	12	0	0	0	0	0	0	0	0
1667		1	2	2	4	0	0	0	0		0	0	0
1668		2081	5	4	10	0	0	0	0	0	0	0	0
1669		1	4	4	2	0	0	0	0	0	0	0	0
1670		33	4	4	2	0	0	0	0	0	0	0	0
1671		33	2	2	4	0	0	0	0	0	0	0	0
1672		64	1	7	0	0	0	0	0		0	0	0
1673		0	0	0	0	951	0	0	0		0	0	0
1674		0	0	15	0	951	0	0	0		953	0	0
1675		64	0	15	0	0	0	0	0		0	0	0
1676		0	0	15	0	0	0	0	0		0	0	0
1677		0	0	15	0	0	0	0	0		0	0	0
1678		1	8	0	1	0	0	0	0		0	0	0
1679		1	8	0	1	40	0	0	0		0	0	0
1680		37	0	1	0	957	0	0	0		0	0	0
1681		36	8	0	1	74	0	0	0		0	0	0
1682		32	0	0	0	958	0	0	0	0	0	0	0
1683		293	0	0	0	960	0	0	0		0	0	0
1684		293	0	0	0	959	0	0	0		0	0	0
1685		0	2	0	4	0	0	0	0		0	0	0
1686		33	2	2	4	962	0	0	0		0	0	0
1687		1	8	0	1	961	0	0	0		0	0	0
1688		32	0	1	0	964	0	0	0		0	0	0
1689		32	0	1	0	963	0	0	0		0	0	0
1690		0	0	1	0	964	0	0	0		0	0	0
1691		0	0	1	0	963	0	0	0		0	0	0
1692		161	8	8	1	966	0	0	0		0	0	0
1693		161	8	8	1	965	0	0	0		0	0	0
1694		1	2	2	4	0	0	0	0	0	0	0	0
1695		0	4	4	2	0	0	0	0	0	0	0	0
1696		1	0	0	0	0	0	0	0		0	0	0
1697		1	8	0	1	946		0	0		0	0	0
1698		0	2	2	4	968	0	0	0		0	0	0
1699		1	2	2	4	968	0	0	0		0	0	0
1700		33	2	2	4	968	0	0	0		0	0	0
1701		33	8	0	7	930	0	0	0		0	0	0
1702		1	8	0	7	930	0	0	0		0	0	0
1703		0	0	0	0	0	0	0	0	0	0	0	0
1704		1	8	0	1	679	0	0	0		0	0	0
1705		1	8	0	1	0	0	0	0		679	0	0
1706		33	8	0	1	970	0	0	0		0	0	0
1707		0	1	0	8	0	0	0	0		0	0	0
1708		1	1	0	8	0	0	0	0		0	0	0
1709		33	1	0	8	971	0	0	0		0	0	0
1710		1	1	0	8	0	0	0	0		0	0	0
1711		33	8	0	1	974	0	0	0		0	0	0
1712		1	8	0	1	0	0	0	0		0	0	0
1713		1024	8	0	1	0	0	0	0		0	0	0
1714		33	8	0	7	930		0	0		0	0	0
1715		17	8	0	1	0	0	0	0		0	0	0
1716		1024	0	1	8	0	0	0	0		0	0	0
1717		1	0	1	0	0	0	0	0		0	0	0
1718		33	0	1	0	977	0	0	0		0	0	0
1719		0	0	1	8	0	0	0	0		0	0	0
1720		32	8	0	1	976	0	0	0		0	0	0
1721		2081	3	2	12	0	0	0	0		0	0	0
1722		0	2	2	4	0	0	0	0		0	0	0
1723		1	2	2	4	0	0	0	0		0	0	0
1724		33	2	2	4	0	0	0	0		0	0	0
1725		1	0	7	8	0	0	0	0		67	0	0
1726		4129	0	7	0	0	0	0	0		67	0	0
1727		0	0	7	8	0	0	0	0		67	0	0
1728		2080	1	0	8	14	0	0	0		0	0	0
1729		0	4	4	2	0	0	0	0	0	0	0	0
1730		33	1	0	8	0	0	0	0		0	0	0
1731		0	1	0	8	0	0	0	0		0	0	0
1732		0	2	2	4	0	0	0	0	0	0	0	0
1733		1	2	2	4	0	0	0	0	0	0	0	0
1734		1	4	4	2	0	0	0	0	0	0	0	0
1735		0	4	4	2	0	0	0	0	0	0	0	0
1736		161	8	8	0	965	0	0	0		0	0	0
1737		0	2	2	4	0	0	0	0		0	0	0
1738		1	8	0	1	0	0	0	0		0	0	0
1739		0	0	0	1	0	0	0	0		0	0	0
1740		0	0	0	1	0	0	0	0		0	0	0
1741		0	1	0	8	0	0	0	0		0	0	0
1742		0	0	0	1	0	0	0	0		0	0	0
1743		0	0	0	0	0	0	0	0		0	0	0
1744		0	0	0	0	0	0	0	0		0	0	0
1745		33	4	4	2	679	0	0	0	0	0	0	0
1746		289	0	0	0	0	0	0	0		0	0	0
1747		2121	1	1	0	986		0	0		0	0	0
1748		33	8	0	1	985	0	0	0		0	0	0
1749		33	0	0	0	985	0	0	0		0	0	0
1750		1	8	0	1	0	0	0	0		0	0	0
1751		33	8	0	1	932		0	0	0	0	0	0
1752		33	8	0	7	991					0	0	0
1753		32	8	0	7	991					0	0	0
1754		96	8	0	7	991					0	0	0
1755		33	2	2	0	993	0	0	0		992	0	0
1756		1	2	2	0	993	0	0	0		992	0	0
1757		65	2	2	0	993	0	0	0		992	0	0
1758		33	4	4	0	993	0	0	0		991	0	0
1759		65	4	4	0	993	0	0	0		991	0	0
1760		1	4	4	0	993	0	0	0		991	0	0
1761		36	0	0	15	994	0	0	0	0	0	0	0
1762		36	0	0	7	996				0	0	0	0
1763		36	0	0	7	997				0	0	0	0
1764		36	0	0	7	998				0	0	0	0
1765		36	0	0	7	994				0	0	0	0
1766		2115	0	0	0	993	0	0	0		0	0	0
1767		2083	0	0	0	993	0	0	0		0	0	0
1768		33	0	0	15	14		0	0		0	0	0
1769		65	0	0	15	14		0	0		0	0	0
1770		293	0	1	0	960	0	0	0		0	0	0
1771		293	0	0	1	959	0	0	0		0	0	0
1772		17	8	0	1	968	0	0	0		0	0	0
1773		0	0	1	0	0	0	0	0		0	0	0
1774		0	0	1	0	1000	0	0	0		0	0	0
1775		6177	1	0	8	0	0	0	0		0	0	0
1776		4113	0	0	0	1010	0	0	0		0	0	0
1777		17	0	0	0	0	0	0	0		0	0	0
1778		0	0	0	0	0	0	0	0		0	0	0
1779		0	0	0	0	0	0	0	0		0	0	0
1780		33	8	0	1	929	0	0	0		0	0	0
1781		33	8	0	1	1001	0	0	0		0	0	0
1782		32	8	0	1	929	0	0	0		0	0	0
1783		32	8	0	1	1001	0	0	0		0	0	0
1784		1	8	0	1	929	0	0	0		0	0	0
1785		32	8	0	1	1001	0	0	0		0	0	0
1786		1	8	0	1	0	0	0	0		0	0	0
1787		33	8	0	1	994	0	0	0		0	0	0
1788		33	1	0	8	968	0	0	0		0	0	0
1789		33	8	0	7	933	0	0	0		0	0	0
1790		289	8	0	1	929	0	0	0		0	0	0
1791		289	8	0	1	1001	0	0	0		0	0	0
1792		33	8	0	1	0	0	0	0		0	0	0
1793		32	8	0	7	930	0	0	0		0	0	0
1794		1	0	1	0	0	0	0	0		0	0	0
1795		33	0	1	0	956	0	0	0		0	0	0
1796		33	8	0	1	1003	0	0	0		0	0	0
1797		0	0	1	0	0	0	0	0		0	0	0
1798		33	8	0	1	0	0	0	0		1004	0	0
1799		1	8	0	1	956	0	0	0		0	0	0
1800		1	8	0	1	1002	0	0	0		0	0	0
1801		33	5	4	10	0	0	0	0	0	0	0	0
1802		33	3	2	12	0	0	0	0	0	0	0	0
1803		33	0	0	4	0	0	0	0	0	0	0	0
1804		33	0	0	2	0	0	0	0	0	0	0	0
1805		0	1	1	0	0	0	0	0		0	0	0
1806		4097	0	1	8	0	0	0	0		0	0	0
1807		2121	1	1	8	0	0	0	0		0	0	0
1808		32	8	0	1	0	0	0	0		0	0	0
1809		32	8	0	1	0	0	0	0		0	0	0
1810		32	8	0	1	0	0	0	0		0	0	0
1811		32	8	0	1	0	0	0	0		0	0	0
1812		4161	0	1	8	0	0	0	0		0	0	0
1813		1	8	0	1	1023	0	0	0		0	0	0
1814		32	8	8	1	965	0	0	0		0	0	0
1815		65	8	0	1	28	0	0	0		0	0	0
1816		1024	0	1	0	0	0	0	0		0	0	0
1818		0	0	0	0	0	0	0	0		0	0	0
1819		2081	2	2	12	73	0	0	0		0	0	0
1820		33	0	0	0	0	0	0	0		0	0	0
1821		0	0	1	0	0	0	0	0		0	0	0
1822		0	0	1	0	0	0	0	0		0	0	0
1823		32	8	0	1	0	0	0	0		0	0	0
1824		33	0	0	0	0	0	0	0		0	0	0
1825		73	0	0	15	14		0	0		0	0	0
1826		33	8	0	1	73		0	0		0	0	0
1827		1	8	0	1	0	0	0	0		0	0	0
1828		64	0	0	0	1016	0	0	0		0	0	0
1829		32	0	1	0	0	0	0	0		14	0	0
1830		32	0	1	0	0	0	0	0		14	0	0
1831		32	0	1	0	0	0	0	0		14	0	0
1832		32	0	1	0	0	0	0	0		14	0	0
1833		32	0	1	0	0	0	0	0		14	0	0
1834		73	0	0	15	14		0	0		0	0	0
1835		2081	4	4	10	73	0	0	0		0	0	0
1836		4129	1	0	8	0	0	0	0		0	0	0
1837		4129	1	0	8	971	0	0	0		0	0	0
1838		4385	0	0	0	1010	0	0	0		0	0	0
1839		33	8	0	1	1025	0	0	0		0	0	0
1840		32	1	7	0	1024	0	0	0		0	0	0
1841		32	0	1	0	0	0	0	0		0	0	0
1842		0	0	0	1	0	0	0	0	0	0	0	0
1843		65	8	0	1	932					0	0	0
1844		17	0	0	0	1010	0	0	0		0	0	0
1845		289	0	0	0	1010	0	0	0		0	0	0
1846		1	8	0	1	0	0	0	0		0	0	0
1847		0	8	8	1	966	0	0	0		0	0	0
1848		0	8	8	1	965	0	0	0		0	0	0
1849		32	8	0	1	1023	0	0	0		0	0	0
1850		33	0	0	0	52	0	0	0		0	0	0
1851		6177	1	0	8	0	0	0	0		0	0	0
1852		0	0	1	0	0	0	0	0		964	1029	0
1853		33	8	0	1	932		0	0		0	0	0
1854		17	0	0	0	1030	0	0	0		934	0	0
1855		289	0	0	0	1030	0	0	0		932	0	0
1856		0	1	0	0	0	0	0	0		0	0	0
1857		6177	1	1	8	0	0	0	0		0	0	0
1858		321	0	1	0	1030	0	0	0		934	1012	1033
1859		321	0	1	0	1030	0	0	0		934	1012	1033
1860		1	0	1	0	0	0	0	0		0	0	0
1862		1	8	0	1	0	0	0	0		0	0	0
1863		4161	8	0	1	1015					0	0	0
1864		65	8	0	1	52	0	0	0		0	0	0
1865		1	8	0	1	0	0	0	0		0	0	0
1866		65	1	0	0	1010	0	0	0		0	0	0
1867		328	0	1	0	1010	0	0	0		934	1012	1033
1868		161	0	1	0	965	0	0	0		0	0	0
1869		1	8	0	0	0	0	0	0		0	0	0
1870		4129	1	0	0	0	0	0	0		0	0	0
1871		65	8	0	1	0	0	0	0		0	0	0
1872		0	1	0	0	0	0	0	0		0	0	0
1873		33	8	0	1	0	0	0	0		0	0	0
1874		4097	1	0	0	0	0	0	0		0	0	0
1875		17	0	0	0	52	0	0	0		0	0	0
1876		289	0	0	0	52	0	0	0		0	0	0
1877		33	8	0	1	1015			0		0	0	0
1878		1	8	0	1	0	0	0	0		0	0	0
1879		33	8	0	1	1031	0	0	0		0	0	0
1880		0	8	0	1	0	0	0	0		0	0	0
1881		64	8	0	1	0	0	0	0		0	0	0
1882		72	8	0	1	1023	0	0	0		0	0	0
1883		33	8	0	7	0	0	0	0		0	0	0
1890		1	8	0	1	0	0	0	0		0	0	0
1896		6177	1	1	8	0	0	0	0		0	0	0
1909		1	0	0	9	14	0	0	0		0	0	0
1913		0	0	7	0	0	0	0	0		0	0	0
1916		72	0	1	0	1010	0	0	0		934	1012	1033
1930		0	0	0	0	0	0	0	0		0	0	0
1931		0	0	0	0	0	0	0	0		0	0	0
1934		293	2	2	4	960	0	0	0		0	0	0
1935		293	4	4	2	960	0	0	0		0	0	0
1936		0	0	0	0	0	0	0	0	0	0	0	0
1937		0	0	0	0	0	0	0	0	0	0	0	0
1938		0	0	0	0	0	0	0	0	0	0	0	0
1939		0	0	0	0	0	0	0	0	0	0	0	0
1940		0	0	0	0	0	0	0	0	0	0	0	0
1941		0	0	0	0	0	0	0	0	0	0	0	0
1942		0	0	0	0	0	0	0	0		0	0	0
1943		0	0	0	0	0	0	0	0	0	0	0	0
1944		0	0	0	0	0	0	0	0	0	0	0	0
1945		0	0	0	0	0	0	0	0	0	0	0	0
1951		33	2	2	12	22		0	0		0	0	0
1952		0	0	1	0	0	0	0	0		0	0	0
1956		1	1	0	0	0	0	0	0		0	0	0
1957		1	1	0	0	0	0	0	0		0	0	0
1958		293	8	0	1	959	0	0	0		0	0	0
1959		293	0	1	0	959	0	0	0		0	0	0
1960		4113	1	0	0	0	0	0	0		0	0	0
1961		72	0	15	0	1078	0	0	0	0	0	0	0
1962		32	8	0	1	73	0	0	0		0	0	0
1963		33	8	0	1	20	0	0	0		0	0	0
1964		33	8	0	1	73	0	0	0		0	0	0
1965		160	8	8	1	966	0	0	0		0	0	0
1966		65	8	0	0	60	0	0	0		0	0	0
1967		0	1	0	0	1077	0	0	0	0	0	0	0
1971		1	0	1	0	0	0	0	0		0	0	0
1972		0	0	0	0	0	0	0	0	0	0	0	0