1520.399 1480.8846 352.024
1519.3168 1482.9718 352.02066
1517.9841 1486.4889 352.01068
1516.0962 1489.678 352.00046
1513.6488 1492.6652 351.9938
1509.8866 1493.1929 351.99463
1506.2391 1493.3632 352.0125
1502.4103 1493.5419 352.2007
1498.646 1494.2639 352.19095
1494.9652 1493.3354 352.19666
1491.741 1491.3737 352.1376
1488.8088 1488.9088 352.12097
1488.4283 1485.3102 352.11002
1488.3744 1481.3947 353.68912
1488.297 1477.5929 356.85223
1488.1569 1473.8306 359.2208
1488.1091 1469.9602 361.1459
1488.0818 1466.271 362.1495
1487.5802 1462.5651 362.51813
1489.5225 1459.2977 362.5269
1492.7281 1457.83 362.51837
1496.4852 1457.7831 362.5253
1500.3855 1457.7083 362.5571
1504.127 1457.6365 362.71188
1507.861 1457.565 362.71188
1511.678 1457.4917 362.71188
1515.5103 1457.4181 362.71188
1519.3575 1457.3444 362.70776
1523.2048 1457.2705 362.70047
1525.7596 1457.2216 362.69894
1523.8099 1457.2766 362.69894
1519.9052 1457.4419 362.70178
1516.1952 1457.5632 362.71298
1512.3861 1457.6572 362.71298
1508.4862 1457.7474 362.71298
1504.7299 1457.8342 362.71298
1500.8981 1457.9227 362.56183
1497.0887 1458.0107 362.52438
1493.3022 1458.0983 362.51675
1489.5232 1458.1855 362.50885
1485.7367 1458.2731 362.51
1481.8896 1458.3619 362.54303
1478.1409 1458.4485 362.551
1474.2334 1458.5388 362.56195
1470.4846 1458.6187 362.5588
1466.6519 1458.642 361.89172
1463.008 1458.6688 361.38586
1457.4247 1458.8036 360.05936
1450.9227 1460.3802 358.6267
1450.1329 1461.2129 358.49585
1449.7249 1464.6467 357.7629
1448.8022 1471.4429 355.526
1447.2279 1478.1337 353.31815
1446.1654 1485.3164 351.1097
1445.3679 1492.5103 349.80588
1444.598 1499.4537 348.9782
1443.8175 1506.4946 350.36816
1443.0415 1513.4937 346.85452
1442.9501 1514.3177 346.1194
1442.6 1517.911 345.55783
1442.7189 1524.98 344.50735
1442.8367 1531.979 343.32657
1442.9484 1535.3785 343.00317
1443.5277 1542.3685 342.76425
1443.6143 1543.401 342.76013
1444.7948 1548.267 342.7514
1443.6918 1551.004 342.7514
1442.516 1551.9921 342.7776
1437.7633 1553.1951 342.81973
1430.322 1553.5079 342.7506
1423.3451 1553.8589 342.7506
1418.8163 1554.1132 342.95297
1425.5818 1554.4799 342.75073
1432.3817 1553.4966 342.75073
1439.2906 1553.0543 342.79654
1441.9 1547.3113 342.75055
1443.0151 1541.076 342.77753
1441.8622 1534.3492 343.10373
1439.2051 1528.0247 344.3625
1436.3691 1521.2743 345.97876
1433.6849 1514.8851 347.36542
1430.9503 1508.3761 348.47202
1428.1361 1501.6772 349.26883
1425.4086 1495.1849 349.26453
1422.7406 1488.8346 348.93524
1420.0239 1482.097 348.45554
1417.274 1475.6249 348.477
1411.749 1471.3558 348.01968
1408.6086 1465.6232 347.6412
1405.1027 1459.9348 347.16284
1405.6167 1452.9818 347.18637
1406.2152 1445.8812 347.19403
1406.8339 1438.9648 346.5889
1407.48 1431.7698 345.70264
1408.0985 1425.0221 345.42725
1409.9595 1418.4408 345.07962
1409.0579 1413.5525 344.73578
1407.9889 1410.9797 344.37466
1404.6157 1404.8601 342.63974
1399.571 1399.9502 339.64655
1394.3724 1395.2001 336.60382
1389.0782 1390.4598 334.3406
1385.4135 1384.4541 333.1343
1379.0125 1381.7924 331.6655
1372.3341 1382.2775 330.0446
1367.0057 1386.2606 328.2234
1361.8501 1390.9064 326.8031
1358.0675 1397.1296 325.7906
1355.68 1403.6205 325.21466
1353.2864 1410.2876 324.4568
1350.9819 1416.9567 323.79517
1350.1772 1419.2856 323.79828
1347.7815 1426.2194 324.06012
1345.5137 1432.7826 324.06882
1343.5759 1439.6647 323.59402
1343.3566 1446.8274 323.36942
1344.6267 1449.3601 323.19153
1345.1475 1456.3905 322.8897
1340.7358 1460.8575 321.9411
1333.7468 1462.2467 321.01385
1326.6641 1463.1031 319.72232
1319.7212 1463.5626 318.46057
1312.7214 1464.0107 317.59644
1305.5681 1464.4688 317.04782
1299.4447 1461.6342 316.20004
1292.853 1463.0138 313.7511
1286.1544 1460.9553 311.84625
1279.8965 1464.2148 311.8092
1273.912 1467.8853 312.219
1267.3168 1469.7797 312.067
1261.1503 1472.3414 311.123
1255.9358 1476.9349 310.14532
1250.1827 1481.1157 309.72058
1245.5157 1485.7278 309.2649
1246.5808 1491.9398 308.91226
1250.7396 1497.5903 309.21106
1255.6245 1502.74 309.8327
1255.8654 1502.9939 309.85873
1258.9268 1506.1866 310.3773
1265.6339 1507.8142 312.77286
1272.466 1506.5726 314.45868
1279.4899 1505.1868 315.94296
1286.4373 1503.8025 316.4547
1293.1256 1501.782 316.21243
1299.769 1498.981 315.55032
1305.4014 1494.793 314.46423
1310.4618 1490.0378 315.98056
1315.7383 1485.9275 317.62753
1317.2958 1479.3419 317.51062
1319.9431 1472.911 317.95102
1325.3503 1468.5807 320.19073
1332.4622 1469.0126 321.6883
1337.3053 1473.3452 323.44305
1339.9941 1479.6351 323.99466
1342.7329 1486.3502 324.20374
1345.4154 1492.967 324.21478
1347.9666 1499.2596 323.4923
1350.6514 1506.0706 321.77917
1352.3735 1512.6698 319.371
1354.0247 1519.523 316.63898
1355.0645 1526.5283 317.5558
1355.9484 1533.605 318.50848
1354.4564 1540.2761 318.6354
1352.3129 1546.8845 317.44366
1350.6553 1553.5845 316.4083
1346.8328 1559.4158 315.82214
1341.014 1563.6644 315.58286
1336.6698 1568.6442 316.57224
1330.5431 1571.2598 316.93726
1323.7251 1572.4188 316.4312
1316.8126 1573.0154 316.54803
1309.9458 1573.8925 315.93903
1303.6202 1576.6511 314.63058
1297.065 1575.153 314.19232
1290.756 1572.1205 313.59796
1284.4036 1569.0172 312.59937
1277.9127 1565.8462 312.2797
1271.5536 1563.5586 312.14386
1265.1895 1560.3528 311.78854
1259.1449 1557.2291 311.06058
1252.7678 1553.9254 310.04697
1246.5648 1550.7119 308.38226
1240.1505 1547.3889 307.11237
1233.7734 1544.0853 305.80908
1227.7072 1540.9426 305.82333
1221.3922 1537.6711 306.35867
1216.1779 1533.1349 307.37946
1210.6154 1528.7482 307.62006
1204.8102 1525.2714 307.93872
1197.8743 1525.6062 307.30286
1190.7275 1525.9308 305.8001
1183.6335 1526.168 304.30524
1176.6503 1526.3641 302.7112
1169.512 1526.5184 302.211
1162.3175 1526.6631 304.28372
1155.3018 1526.597 305.53677
1148.4285 1526.4967 306.64468
1141.2612 1526.3921 307.0404
1134.1221 1526.2878 308.01205
1127.0107 1526.184 310.31635
1120.2216 1526.0848 310.2418
1113.2238 1525.6228 311.71466
1106.2078 1524.3004 314.57938
1100.2059 1526.6667 315.28906
1094.8263 1531.3827 315.73407
1089.7836 1535.8032 316.0796
1084.2891 1540.657 317.0729
1078.9885 1545.2373 318.2774
1072.566 1547.6874 319.58075
1065.4624 1547.6179 322.7953
1058.9067 1545.3235 326.61847
1054.0289 1540.2094 330.2717
1048.9296 1535.5646 333.78708
1044.4879 1530.418 336.44714
1043.1833 1523.8134 337.6656
1044.3992 1516.8934 338.6185
1046.6906 1510.1846 339.88828
1049.9769 1504.0565 341.50732
1054.5944 1499.1305 342.16507
1057.692 1492.972 342.3727
1056.6279 1486.0679 342.5211
1056.1577 1479.2343 342.48984
1055.7861 1472.0934 342.1871
1053.1387 1465.7772 341.95502
1049.1809 1459.9268 341.5515
1043.2474 1456.8087 341.81345
1036.5258 1456.0637 342.73312
1029.4568 1456.1799 343.85092
1022.4465 1456.4069 345.658
1015.98206 1457.5582 347.72888
1008.80206 1457.7151 349.79977
1001.9422 1458.2 351.7479
994.71826 1458.2189 354.21213
987.9235 1458.3416 355.99902
980.7279 1458.2682 356.21606
975.91583 1458.2168 356.1707
972.1511 1458.1766 356.15002
968.18994 1458.1344 356.1332
964.8005 1457.743 356.10815
965.06934 1453.9427 356.0642
965.36145 1450.3597 354.91064
965.5208 1448.4044 353.50076
965.67194 1446.5509 352.20026
965.8283 1444.6332 350.86954
966.05396 1442.7115 349.53287
966.18207 1440.0233 347.67166
966.3643 1436.0662 345.19952
966.5357 1432.343 345.2059
966.904 1428.6344 345.21225
968.99896 1425.4592 345.52496
971.4398 1422.6847 345.22195
975.2423 1422.6533 345.33017
979.1584 1422.6499 345.4419
982.9301 1422.72 345.45316
986.76904 1422.8276 345.4084
990.6135 1422.9897 345.58514
994.3436 1422.9354 345.0325
998.53876 1423.33 344.56833
1001.8732 1426.8743 344.51068
1005.327 1430.2666 344.70575
1008.9766 1433.8513 345.0721
1012.4724 1437.2849 345.5188
1015.9472 1440.6979 345.79205
1019.429 1444.1177 344.793
1023.0576 1447.6818 344.47186
1026.2842 1450.851 343.87488
1028.0916 1452.6261 344.73987
1029.8254 1454.3292 344.81064
1032.1359 1456.5985 343.42593
1034.8542 1459.2684 343.2608
1038.8269 1461.121 342.86713
1043.1344 1463.0983 342.6819
1047.6349 1465.6464 342.23563
1051.1532 1468.2665 342.17905
1054.7908 1471.7343 342.18323
1054.604 1476.591 342.33575
1054.8771 1481.3219 342.6113
1054.1213 1485.8247 342.82492
1052.6141 1489.8046 343.77744
1051.2537 1493.4607 343.63205
1050.0098 1496.9648 341.88608
1048.7766 1500.5801 341.6811
1047.1409 1505.3754 340.88434
1045.7576 1510.0327 339.78766
1044.6968 1514.9053 338.8157
1043.7303 1519.4877 338.21753
1043.8046 1524.4446 337.53714
1044.518 1529.256 336.6969
1046.6627 1533.6847 335.14374
1049.7654 1537.7374 332.69073
1053.1676 1541.17 330.2086
1056.4176 1543.4448 328.20355
1058.6525 1544.5066 327.01523
1060.9792 1545.5873 325.5684
1064.163 1547.6262 323.40823
1067.1204 1549.6122 321.6995
1070.646 1549.7672 320.19083
1074.0125 1547.92 319.1806
1077.4124 1545.981 318.56223
1081.3865 1543.844 317.88544
1084.999 1540.3901 316.95187
1088.5549 1536.9904 316.2647
1092.1392 1533.5636 315.88412
1095.7523 1530.4362 315.6837
1099.4103 1527.1642 315.3695
1103.4623 1525.2008 314.98224
1108.4486 1525.6633 314.35065
1113.3639 1526.2396 311.6905
1118.2501 1526.8124 310.18777
1123.1895 1527.244 310.08218
1128.2278 1527.5397 310.09763
1133.0681 1527.6227 308.56232
1137.8992 1527.6742 309.5085
1143.0243 1527.7289 308.04453
1147.2013 1527.7734 306.7883
1150.9221 1527.491 307.65332
1154.6898 1526.9232 307.4627
1158.2241 1526.3907 304.99222
1162.2385 1525.7858 304.3176
1165.8641 1525.2395 303.24515
1169.729 1524.6571 302.17563
1173.594 1524.0747 302.1439
1177.2346 1523.5261 302.77722
1181.1443 1522.937 303.66678
1184.8672 1522.3761 304.57486
1188.5825 1521.8162 305.39337
1189.4272 1521.689 305.55783
1189.9207 1521.6146 305.65445
1193.7407 1521.0391 306.4571
1197.4635 1520.478 307.19876
1197.643 1520.451 307.2279
1201.2836 1519.9025 307.7009
1204.9615 1519.3483 307.86703
1208.8252 1518.9664 308.2241
1212.6296 1518.7557 309.09323
1216.4497 1518.5443 306.5833
1220.2466 1518.334 305.98776
1224.0889 1518.122 305.43353
1228.0914 1517.916 305.24896
1233.0647 1517.5432 305.74963
1237.9507 1517.0604 306.43365
1242.9243 1516.5677 307.31934
1247.6527 1515.9967 308.50732
1252.686 1515.2596 309.59174
1257.4607 1514.2292 310.54425
1262.3188 1512.8984 311.98453
1266.8746 1511.6505 313.47903
1271.8557 1510.286 314.55624
1276.4398 1509.0304 315.52737
1281.3643 1507.6814 316.38834
1286.0524 1506.3972 316.8611
1290.9294 1505.0613 316.85907
1295.6555 1503.701 316.84085
1300.1296 1501.5072 316.28012
1304.1 1498.659 315.4795
1307.9008 1495.6606 315.14175
1311.317 1492.0416 315.877
1314.2296 1487.9802 317.52036
1317.0571 1483.9543 317.47253
1319.8475 1479.9813 317.39868
1322.7089 1475.9072 318.47903
1326.0238 1472.1226 321.23706
1329.7322 1469.1755 321.3362
1332.6472 1465.2899 320.7925
1336.5797 1462.8877 321.38318
1341.404 1462.2926 322.07455
1346.2921 1462.1477 322.9557
1351.2393 1462.0101 323.57983
1356.2549 1461.8706 324.50696
1361.1824 1461.7334 324.53503
1366.012 1461.5991 324.5517
1371.1354 1461.4565 324.3761
1375.9453 1461.3226 324.63882
1379.8307 1461.2146 324.7139
1383.7614 1461.1052 325.10754
1387.5172 1461.0007 325.62723
1391.3108 1460.8951 326.32663
1395.2253 1460.7863 327.11923
1398.9738 1460.6819 328.2093
1402.8052 1460.5753 329.4229
1406.5912 1460.47 330.6222
1410.3657 1460.3649 331.4004
1414.1519 1460.2595 332.73615
1418.006 1460.1523 334.03113
1421.8071 1460.0465 335.35132
1425.7223 1459.9612 336.64664
1429.5095 1459.9153 338.0371
1433.2893 1459.8695 339.4089
1437.0841 1459.8236 340.64377
1440.8412 1459.7781 341.80508
1444.704 1459.7313 342.2043
1448.5669 1459.6844 342.40195
1452.2634 1459.6398 342.57678
1456.2019 1459.592 342.73846
1459.9741 1459.5464 342.79153
1463.7312 1459.5009 342.79343
1467.5638 1459.4545 342.79343
1471.3511 1459.4086 342.79343
1475.3123 1459.3606 342.79343
1479.0239 1459.3156 342.79343
1482.8641 1459.269 342.79343
1486.6665 1459.223 342.79343
1490.4236 1459.1775 342.79343
1493.9817 1458.3485 342.9703
1497.7462 1458.3029 345.0927
1501.594 1458.2563 347.1842
1505.4948 1458.2214 349.2348
1509.1195 1458.1632 351.08777
1512.8435 1458.7775 352.02765
1515.3156 1461.187 352.03735
1515.9584 1464.8582 352.02814
1516.5983 1468.6372 352.0233
1517.0712 1472.3943 353.6074
1517.4751 1476.0416 352.04825
