1523.8115 1481.7576 352.0076
1523.7167 1481.6746 352.0082
1521.5603 1479.1982 352.02615
1520.1881 1475.9928 352.04224
1518.8052 1472.7623 352.03546
1518.4415 1471.913 352.03394
1517.1578 1468.9142 352.02936
1515.7377 1465.5931 352.02325
1514.2513 1462.4268 352.01508
1513.0726 1459.2528 352.0269
1509.951 1458.4574 351.5087
1506.3812 1458.4191 349.68472
1502.8252 1458.4169 347.8699
1499.3044 1458.4575 345.96875
1495.7627 1458.5037 343.97324
1492.263 1458.5449 342.7949
1488.7771 1458.5859 342.7949
1485.1654 1458.6285 342.7949
1481.6377 1458.67 342.7949
1478.173 1458.713 342.7949
1474.5125 1458.7705 342.7949
1471.0139 1458.8715 342.7949
1467.551 1458.9933 342.7949
1464.0112 1459.1185 342.7949
1460.4574 1459.2441 342.7949
1456.9803 1459.3575 342.74774
1453.3632 1459.4713 342.62793
1449.8579 1459.5814 342.46008
1446.3666 1459.6912 342.29733
1442.8473 1459.8018 342.0563
1439.2506 1459.9009 341.32208
1435.7516 1459.9834 340.21237
1432.2106 1460.0668 339.01315
1428.7535 1460.1483 337.7445
1425.2056 1460.2318 336.47665
1421.6295 1460.3162 335.33026
1418.1235 1460.3988 334.1061
1414.5598 1460.4828 332.8886
1410.7205 1460.5732 331.52377
1406.9491 1460.6621 330.7325
1403.1323 1460.7521 329.52444
1399.2551 1460.8434 328.29675
1395.4838 1460.9323 327.18964
1391.6367 1461.023 326.38718
1387.8049 1461.1133 325.67856
1384.0184 1461.2025 325.12952
1380.2394 1461.2915 324.72003
1376.4608 1461.3914 324.64713
1372.5623 1461.5292 324.3536
1368.785 1461.6716 324.4207
1364.9832 1461.8414 324.55215
1361.2086 1462.0446 324.53735
1357.3739 1462.2556 324.5154
1353.5996 1462.4633 324.4926
1350.7312 1462.6211 323.5028
1343.588 1463.0142 322.51395
1336.4995 1463.3822 321.4197
1329.5675 1463.7834 320.19064
1322.6193 1464.3578 318.85342
1315.4059 1464.954 317.7815
1308.3905 1465.5656 317.47372
1301.5027 1466.1893 316.05566
1294.2671 1466.8531 314.1297
1288.3435 1467.4131 313.14206
1280.2456 1468.1786 313.10086
1273.3044 1468.8347 312.3347
1266.0986 1469.5159 312.03635
1262.0288 1469.9005 311.53528
1259.8386 1470.1075 311.16727
1255.9324 1470.4768 312.7132
1252.2556 1470.8242 309.99512
1251.5632 1470.8898 309.91528
1249.9983 1472.1992 309.68887
1246.4949 1472.8564 309.403
1242.6559 1472.962 309.15234
1238.8018 1473.068 309.21954
1234.9401 1473.1741 310.02682
1231.462 1473.25 307.81708
1227.6821 1473.2639 307.5649
1223.7815 1473.2091 307.31192
1220.6294 1473.1595 307.13293
1216.9784 1473.1022 307.01422
1216.351 1473.0923 307.0284
1214.446 1473.0624 307.17447
1212.4277 1473.0306 307.24335
1210.16 1472.995 307.41028
1209.4042 1472.9832 307.39798
1208.1418 1472.9634 307.38657
1207.643 1472.9556 307.40292
1204.7031 1471.7983 307.35284
1201.2172 1470.3564 306.9575
1197.9135 1468.988 306.34497
1195.3038 1468.2867 306.0048
1191.5818 1467.8657 305.5553
1187.7758 1467.5662 305.1496
1183.9019 1467.2614 305.08484
1180.1335 1466.9647 305.47955
1176.2747 1466.661 306.6792
1172.4913 1466.3633 308.1822
1168.7003 1466.0648 309.48068
1164.9622 1465.7706 310.32294
1161.0807 1465.4652 310.77325
1157.725 1466.4612 310.8243
1154.1761 1466.7765 311.10077
1149.8214 1466.3475 310.98386
1145.2323 1465.3105 310.91757
1140.3558 1464.8303 313.25943
1135.4795 1464.35 315.66357
1130.447 1463.8544 315.50623
1125.578 1463.3748 315.83038
1120.7039 1462.934 316.2406
1115.8179 1462.5647 316.5595
1110.7751 1462.1877 316.5595
1106.587 1461.8746 316.55646
1102.8251 1461.5935 316.54883
1098.9275 1461.3021 316.54272
1095.1505 1461.0198 316.86395
1091.3885 1460.7385 316.59128
1087.4967 1460.4476 316.34998
1083.7272 1460.1659 316.3367
1079.9502 1459.8835 316.25366
1076.0583 1459.6179 316.73056
1072.2906 1459.4304 317.4017
1068.5148 1459.2523 318.30722
1064.6097 1459.0905 319.3062
1060.832 1458.9653 320.29608
1057.0455 1458.8761 321.32962
1053.1456 1458.7842 322.56778
1049.3667 1458.6951 323.81845
1045.4587 1458.7219 325.2449
1041.6802 1458.8219 326.54684
1037.9016 1458.9258 327.75333
1034.1229 1459.0287 328.95938
1030.2147 1459.0758 330.21268
1026.4347 1459.0906 331.2981
1022.6623 1459.1053 332.3019
1018.7538 1459.1207 333.20905
1014.9511 1459.1356 333.9393
1011.19385 1459.1504 334.60382
1010.56635 1459.1528 334.67554
1010.32214 1459.074 334.71503
1006.6703 1458.1327 335.2713
1003.0468 1457.2928 335.59622
1003.0064 1457.318 335.5932
1002.01917 1457.9337 335.5814
1001.20013 1458.7124 335.54382
1000.1885 1459.0149 335.56647
999.01605 1458.9983 335.63074
995.75275 1458.947 335.45367
991.9808 1458.8878 335.272
988.0803 1458.8265 335.78568
984.22516 1458.766 336.1258
983.46387 1458.754 336.14523
983.9048 1458.7609 336.1342
980.12524 1458.7015 336.2297
976.3552 1458.6422 336.43665
972.4396 1458.5807 336.93735
968.64496 1458.5211 337.20737
964.8879 1458.4774 338.07867
961.02484 1458.4471 339.32672
957.20715 1458.4171 340.65198
953.41974 1458.3875 341.90143
949.5132 1458.3568 342.8461
945.72577 1458.327 344.0189
942.9961 1455.7908 344.79886
941.499 1452.3446 345.51346
941.0563 1448.5952 345.49484
940.70746 1444.8607 345.4986
938.7495 1441.6444 345.52762
939.3974 1439.079 345.5182
939.5204 1438.5919 345.51605
939.80365 1437.4681 345.5116
939.50024 1436.4163 346.08307
939.02576 1435.3762 346.87445
938.5908 1434.3287 345.6531
938.1975 1433.2627 347.06317
938.1437 1432.2167 345.53583
938.5262 1431.1266 345.52985
938.519 1430.0 345.52985
938.9389 1429.0919 345.52484
939.7483 1428.9076 345.5124
940.3596 1428.1285 345.50284
940.6398 1428.0647 345.49875
942.87775 1426.1423 345.46683
940.07117 1428.7653 345.50574
937.141 1431.1411 345.53445
935.7964 1434.6715 345.53445
934.7847 1438.3137 345.53445
933.773 1441.9558 345.53445
932.37714 1442.7502 345.53445
931.8875 1438.8876 345.53445
930.6349 1435.4135 345.53445
931.9167 1431.9646 345.53445
934.65393 1429.4573 345.53445
938.43585 1428.5717 345.531
941.66907 1426.6726 345.48373
944.9147 1424.797 345.43646
948.5863 1423.9307 345.38284
952.24097 1423.1267 345.8345
956.01697 1422.702 345.571
959.92957 1422.5366 345.22302
963.7693 1422.4646 345.2231
967.5794 1422.4536 345.2231
971.39716 1422.4685 345.2232
975.2902 1422.5139 345.33228
979.13 1422.5867 345.44122
982.94574 1422.713 345.45273
986.3305 1422.8325 345.41272
987.5016 1422.8739 345.40042
991.4228 1423.0123 345.33374
994.6347 1424.2887 345.04132
998.0319 1425.489 344.73856
1000.573 1428.3484 344.78967
1003.75885 1431.8419 344.94794
1007.2698 1435.522 345.2348
1010.5642 1438.9752 345.92822
1014.0007 1442.5773 346.42007
1017.7585 1445.7288 346.2821
1021.78577 1448.4089 344.84885
1023.4751 1449.3636 344.49173
1024.3086 1449.8347 344.2845
1027.9326 1451.8827 343.6138
1031.3485 1453.8132 345.13458
1034.6807 1455.6964 342.9601
1037.868 1457.5629 342.59528
1041.7402 1458.1787 342.01785
1045.1125 1459.8315 341.75516
1048.0652 1462.1582 341.806
1049.8313 1463.9856 341.81042
1050.4122 1464.6704 341.86053
1050.3489 1465.3706 341.92422
1050.3701 1469.182 342.37155
1051.2134 1472.9209 342.68176
1052.5444 1476.1831 342.5844
1052.1857 1480.0697 342.7378
1052.6082 1483.571 342.86957
1052.4344 1484.8206 342.87897
1052.2418 1485.9381 342.86478
1051.5964 1488.8375 342.67584
1050.745 1492.3152 342.4072
1049.8196 1495.9801 343.80963
1049.0146 1498.9783 342.36462
1048.5873 1500.0336 343.1238
1048.1632 1501.0807 341.58923
1047.7222 1502.1697 341.4668
1046.7423 1504.5892 340.95065
1045.5624 1507.5127 340.24857
1044.9849 1509.3755 339.82898
1044.4165 1511.777 339.3063
1043.7037 1515.4736 339.5967
1043.0167 1519.3213 339.86496
1043.0735 1523.0188 337.76965
1044.4849 1526.6628 337.0857
1046.0004 1530.1176 336.27063
1048.1404 1533.2201 335.1557
1050.8494 1536.0375 336.52103
1053.4694 1538.7622 332.93668
1056.5354 1540.9127 329.08704
1059.8624 1542.6909 327.1336
1062.9504 1544.8282 324.97513
1065.5093 1547.3868 322.8179
1069.2509 1546.8826 322.45285
1072.961 1546.1595 322.7267