1522.8229 1479.008 352.02206
1522.5673 1478.6995 352.0243
1520.9309 1475.3871 352.04175
1519.493 1471.7607 352.04614
1518.0886 1468.2189 352.04156
1517.5995 1464.6906 352.04596
1516.3035 1461.2102 352.04773
1513.5712 1458.6555 352.04007
1509.8574 1458.4498 351.46082
1506.012 1458.3097 349.4977
1502.195 1458.241 347.52335
1498.3168 1458.2222 345.41626
1494.5519 1458.2094 343.29483
1490.8021 1458.1965 342.7949
1486.9995 1458.1835 342.7949
1483.1212 1458.1702 342.7949
1479.3262 1458.1571 342.7949
1475.5461 1458.1442 342.7949
1472.6036 1456.0432 342.7949
1471.9683 1452.5692 342.7949
1471.5354 1449.0195 342.7949
1471.3809 1445.3718 342.7949
1471.6647 1441.4746 342.7949
1472.0728 1437.694 342.63745
1472.6182 1433.9689 342.67587
1473.3368 1430.2578 342.33344
1474.395 1425.8348 341.90353
1475.9263 1420.9846 341.65765
1477.3925 1416.34 341.45023
1478.8163 1411.6519 341.60388
1480.1786 1406.8838 342.4883
1481.5543 1402.0687 343.74197
1482.9005 1397.3573 345.40707
1484.2521 1392.627 347.55325
1487.8617 1389.9142 349.88452
1491.7177 1388.5625 351.95752
1493.3716 1388.4264 352.87677
1497.1538 1388.0973 355.1084
1499.0902 1387.9148 356.27292
1502.663 1387.3728 358.9102
1506.4202 1386.7988 361.33014
1509.9563 1388.1384 363.30008
1512.6486 1390.9069 364.74106
1514.7899 1393.9391 366.24524
1515.8888 1397.5511 368.21017
1515.9293 1401.4624 369.88083
1516.4452 1405.1918 370.5912
1516.8794 1408.9597 371.18576
1516.999 1412.8523 371.4936
1516.5995 1416.5503 371.62317
1516.1846 1420.3911 371.73785
1515.773 1424.2019 371.8514
1515.6576 1427.8304 371.96378
1516.1808 1431.3601 372.09717
1516.038 1435.2281 372.33484
1515.8972 1439.0359 372.3362
1516.3224 1442.6604 372.56918
1516.3315 1446.5311 373.05524
1516.3403 1450.2809 373.50198
1516.3492 1454.0986 373.69003
1516.3501 1454.4767 373.69003
1516.3524 1455.4822 373.69003
1515.435 1456.2112 373.69003
1512.8867 1458.9331 373.68698
1509.0408 1459.1958 373.68546
1505.1934 1458.8972 373.68393
1501.4524 1458.3556 373.69525
1497.6506 1457.8738 373.7205
1493.852 1457.5848 373.71997
1490.0519 1457.4523 373.71692
1486.204 1457.4323 373.7154
1482.4166 1457.4772 373.71387
1478.6539 1457.9142 373.716
1476.1929 1460.6785 373.70682
1476.1923 1464.4905 373.70224
1476.0742 1468.1168 373.7007
1476.0474 1469.4849 373.6992
1475.9733 1473.2566 373.69766
1475.9244 1477.1722 373.69766
1475.8948 1480.9446 373.70193
1475.8649 1484.7396 373.7076
1475.8348 1488.552 373.71164
1476.0483 1492.3953 373.7173
1478.6208 1495.1018 373.72217
1482.153 1496.1664 373.7155
1485.9329 1496.1644 373.7155
1489.5355 1495.3821 373.71783
1493.29 1494.9912 373.7191
1496.6893 1493.4169 373.72687
1499.0431 1490.503 373.72043
1499.7655 1486.8147 373.71405
1499.8043 1482.914 373.71405
1499.7301 1479.1273 373.71405
1499.5331 1475.2314 373.71405
1499.3254 1471.4572 373.71405
1499.4294 1467.6829 373.71405
1501.2711 1464.4883 373.69995
1504.3683 1462.1038 373.6841
1507.8406 1460.7194 373.6841
1511.3701 1459.5632 373.6841
1514.9375 1458.1548 373.68762
1516.7527 1455.2197 373.68835
1516.591 1451.4286 373.63907
1516.5023 1447.6647 373.19522
1516.4104 1443.7572 372.71735
1516.3214 1439.9783 372.33942
1516.3033 1436.1986 372.3361
1516.3818 1432.374 372.13733
1516.5461 1427.715 371.9897
1516.739 1422.809 371.8296
1516.9377 1417.756 371.65704
1517.0997 1412.8489 371.4931
1517.2538 1407.9513 371.0927
1516.9657 1403.0758 370.2376
1516.0002 1398.1055 368.52158
1513.9712 1393.6592 365.9576
1510.81 1389.9426 364.1069
1506.4656 1387.4326 361.40607
1501.7892 1385.9769 358.26266
1496.9375 1385.3688 355.32
1492.1903 1386.4218 352.83072
1488.3721 1389.6257 350.19034
1486.2429 1394.0436 347.70752
1484.3304 1398.5549 345.52118
1482.4235 1403.0579 343.76056
1480.5088 1407.579 342.43008
1478.5865 1412.2758 341.523
1476.574 1416.7327 341.40366
1474.639 1421.3896 341.6042
1473.585 1426.1718 341.92075
1473.0713 1431.0442 342.418
1472.5153 1435.9323 342.59436
1471.947 1440.9767 342.7951
1471.6458 1445.8379 342.7951
1471.5378 1450.7361 342.7951
1472.0532 1454.1097 342.7951
1472.8744 1456.4735 342.7951
1475.9827 1457.5956 342.7951
1479.757 1457.8025 342.7951
1483.5265 1457.9507 342.7951
1487.3121 1458.0674 342.7951
1491.2128 1458.1154 342.7951
1494.9927 1458.1427 343.5442
1498.77 1458.0172 345.6741
1502.6771 1457.9271 347.80112
1506.4722 1457.9541 349.73746
1510.3641 1458.0537 351.7248
1513.9303 1459.1089 352.03763
1515.4042 1462.5502 352.02634
1515.4567 1466.4279 352.01837
1515.1302 1470.1937 352.02332
1514.804 1473.9596 352.04837
1514.4666 1477.8535 352.0499
1514.1371 1481.6571 352.03104
1513.8134 1485.3928 352.01828
1512.8403 1489.0568 352.0065
1510.7281 1492.2133 351.9986
1507.2261 1493.0061 352.00803
1503.3262 1493.0979 352.20038
1499.6228 1493.185 352.19373
1495.7456 1493.2762 352.19406
1491.876 1493.3673 352.15756
1488.097 1493.4562 352.1355
1484.3181 1493.5452 352.04282
1480.4335 1493.8927 351.77893
1476.6489 1494.0383 351.56793
1472.8834 1494.1566 351.63547
1468.9763 1494.2594 351.80252
1465.1438 1494.3201 351.9964
1461.3734 1494.4395 351.72784
1457.4905 1494.5919 351.23868
1453.5875 1494.7451 350.58395
1449.0137 1496.1556 349.8759
1444.4374 1494.9636 349.5246
1443.2189 1490.5833 349.82568
1445.3146 1486.2589 350.80478
1445.2399 1481.6134 352.26425
1444.9155 1476.7683 353.78043
1445.7366 1471.7991 355.5714
1447.1907 1467.1381 357.17575
1449.5912 1462.8694 358.31238
1452.6362 1459.0244 359.0089
1457.5822 1458.8649 360.08893
1462.4814 1458.9393 361.3121
1467.5378 1458.8838 362.55957
1471.8973 1458.876 362.5593
1475.6698 1458.876 362.5617
1479.4498 1458.8918 362.55075
1483.0743 1458.3418 362.53543
1486.139 1460.5278 362.52713
1488.2885 1463.4044 362.48138
1488.1681 1467.311 361.94937
1488.0497 1471.0817 360.6287
1487.9269 1474.9883 358.58655
1487.8083 1478.7588 355.9629
1487.6893 1482.5446 352.57913
1487.2766 1486.3843 352.11203
1486.2344 1489.9337 352.12326
1488.0543 1487.8209 352.11688
1488.6133 1483.9712 352.10513
1488.7224 1480.195 354.76367
1488.713 1476.415 357.64407
1488.4653 1472.5298 359.9208
1487.9515 1468.778 361.50647
1487.1036 1465.0841 362.34402
1486.047 1461.4316 362.52686
1483.4985 1459.1693 362.5129
1481.4624 1458.639 362.54428
1479.8237 1458.7163 362.54816
1476.0498 1458.9268 362.5595
1472.1542 1459.1232 362.56165
1468.368 1459.2307 362.55978
1464.597 1459.3344 361.63742
1459.9149 1459.5698 360.67627
1455.4204 1457.9625 359.68124
1451.4583 1460.7288 358.675
1449.778 1465.1172 357.6153
1450.5063 1469.9626 355.96463
1451.2625 1474.9824 354.10657
1450.3126 1479.712 352.52026
1450.2091 1484.5706 351.18573
1451.8405 1489.2272 350.62396
1454.9979 1493.0793 350.88864
1459.471 1494.0688 351.56662
1464.5358 1493.9297 352.0174
1469.4338 1493.7952 351.78723
1474.3011 1493.6615 351.53436
1478.1704 1493.5552 351.64688
1481.9414 1493.4517 351.91418
1485.7125 1493.348 352.11478
1489.6195 1493.2407 352.13416
1493.3981 1493.1368 352.17932
1497.1769 1493.0394 352.19177
1501.0776 1493.0049 352.19824
1504.865 1493.0232 352.0174
1508.6373 1493.053 352.00208
1512.5458 1493.0837 351.99417
1516.333 1493.0887 351.9896
1519.3055 1491.2788 351.9875
1519.9553 1487.4442 352.0
1519.308 1483.7227 352.01694
1518.6649 1479.8759 352.03067
1518.1031 1476.1378 352.0457
