1062.405 1546.7253 324.5625
1058.5688 1544.1008 327.19324
1052.8391 1540.0836 330.73132
1048.0253 1535.0101 334.25177
1045.2745 1528.5605 336.6744
1043.6399 1521.5409 338.0191
1043.3988 1514.512 338.72333
1045.7272 1508.0221 340.17813
1048.7014 1501.492 341.6209
1051.0459 1494.8813 342.02527
1052.5474 1488.0605 342.74768
1053.1199 1481.1172 342.73785
1055.1211 1474.4282 342.2183
1055.8304 1467.4534 342.08353
1052.0203 1462.6283 341.72046
1045.5779 1459.7913 341.73163
1039.7485 1456.8208 342.28778
1032.7354 1456.7164 343.31915
1026.0198 1455.8904 344.6036
1019.3395 1453.2484 346.36917
1014.97424 1448.0161 347.8468
1013.4586 1441.2466 346.1755
1015.23224 1434.5044 345.16376
1020.59705 1430.0787 343.15146
1027.0492 1427.154 341.37445
1033.9705 1426.5533 340.18454
1040.8723 1428.406 339.24484
1046.781 1432.1406 339.111
1052.021 1436.7766 339.21973
1053.7362 1443.0139 339.8498
1053.0283 1450.1749 340.81604
1048.1752 1453.9469 341.33698
1041.2131 1453.3594 342.02695
1034.8435 1454.4932 342.87903
1027.6486 1453.705 344.00345
1020.76953 1452.5852 345.73654
1016.1246 1447.6637 347.57697
1010.88153 1443.6289 346.91708
1008.06244 1441.5558 346.67844
1013.0185 1444.8695 347.0867
1018.9403 1448.3807 345.97397
1025.1292 1451.5603 344.2927
1031.643 1454.7162 343.37524
1037.8672 1457.7311 342.6
1043.2964 1462.1307 342.44644
1047.6945 1467.8011 342.5588
1051.4817 1473.7048 342.71588
1054.982 1479.9626 342.48807
1056.7639 1486.7465 342.55783
1057.2659 1491.6086 342.39413
1053.8348 1497.1575 342.17096
1053.7096 1497.3599 342.15915
1052.6998 1498.9905 342.0591
1049.0293 1504.9181 341.2367
1045.6841 1511.0012 339.58575
1042.4364 1517.185 338.43695
1042.8575 1523.5929 337.7196
1044.6353 1529.9603 336.5255
1046.547 1536.2964 334.25488
1051.1383 1541.1313 330.94925
1056.1886 1545.139 327.76685
1062.0232 1548.2133 324.3098
1068.5414 1550.6547 321.03226
1074.7249 1548.9047 319.0187
1080.4912 1545.6456 318.13696
1085.74 1540.7433 316.89792
1090.7793 1535.8446 316.03766
1095.5831 1530.7881 315.69485
1100.841 1526.1058 315.219
1107.8778 1525.8357 314.4736
1114.9705 1525.5623 311.15048
1122.0073 1525.291 310.3994
1129.086 1525.0182 310.28946
1136.1368 1524.7465 307.4503
1143.1036 1524.4779 306.94083
1150.0984 1524.2083 306.31686
1157.387 1523.9274 304.99002
1164.3398 1523.6593 303.70575
1171.5446 1523.3816 301.9107
1178.5393 1523.1119 303.052
1185.5342 1522.8424 304.754
1192.5569 1522.5717 306.18738
1199.7942 1522.2927 307.61115
1206.7471 1522.0247 307.8699
1213.7418 1521.7551 307.0286
1220.9745 1521.4763 306.08813
1227.9553 1521.2072 305.6335
1234.9501 1520.9376 306.32166
1242.1967 1520.6582 307.55603
1249.1915 1520.3887 309.165
1256.1724 1520.1195 310.11163
1263.352 1519.482 311.24017
1270.2207 1518.1323 313.57693
1277.0756 1516.7853 315.2524
1283.9413 1515.365 316.3015
1290.6794 1512.8103 317.28873
1296.5481 1509.0173 317.92282
1302.1753 1504.8538 317.27155
1306.5828 1499.2554 315.98697
1309.7024 1492.9744 315.35532
1312.567 1486.6047 318.00266
1315.1385 1480.0942 317.67206
1317.7975 1473.3623 317.78287
1320.4479 1466.8846 318.3509
1323.5931 1460.6459 319.25888
1327.0236 1454.2755 320.07602
1330.3425 1448.1123 322.62564
1333.6614 1441.9492 323.62216
1337.0865 1435.5887 323.96448
1340.3988 1429.4377 324.49902
1343.7178 1423.2745 323.11438
1347.0366 1417.1115 323.27304
1350.4684 1410.7386 324.2988
1353.9497 1404.6707 325.13208
1357.711 1398.5187 325.61426
1361.1559 1392.3427 326.62378
1366.0824 1387.2338 327.88037
1372.5151 1384.5955 329.8451
1378.5027 1383.565 331.52902
1384.5161 1386.1626 333.0237
1389.8453 1390.6569 334.5502
1394.6652 1395.7407 336.83075
1399.4326 1400.8655 339.93872
1404.4802 1405.1755 342.6749
1408.0159 1410.5845 344.34827
1408.2571 1417.6351 344.94012
1407.9847 1424.7976 345.40567
1407.4088 1431.7738 345.70172
1406.7902 1438.9854 346.5904
1406.575 1445.8644 347.19928
1406.8206 1453.196 347.2043
1407.5911 1460.1394 347.36084
1410.5454 1466.4623 347.8751
1414.272 1472.6833 348.2315
1418.0564 1478.5718 348.4104
1421.6167 1484.5684 348.68573
1424.7953 1491.0857 348.95407
1427.6204 1497.5054 349.2398
1430.4113 1503.9402 349.05783
1433.1786 1510.5659 347.97717
1437.5226 1515.7792 346.41727
1441.295 1521.655 345.13272
1444.5627 1528.0972 343.85385
1446.6709 1534.7596 343.08524
1448.0269 1541.6084 342.7613
1445.4017 1547.666 342.75015
1439.2678 1551.0305 342.75015
1433.1195 1554.3745 342.75107
1428.7908 1560.0309 342.75107
1423.557 1564.6318 342.75073
1416.5555 1565.6448 342.82745
1411.401 1561.2108 343.05325
1412.299 1554.6041 343.2398
1417.5875 1549.9034 343.11673
1424.5823 1549.5001 342.78983
1430.5725 1552.811 342.75058
1437.4337 1551.4268 342.7817
1440.5408 1545.3606 342.7819
1440.9937 1538.1758 342.84204
1440.8236 1531.2053 343.59042
1440.7083 1524.2059 344.84494
1441.6467 1517.045 345.77664
1442.6821 1510.1184 346.77304
1443.7303 1502.9855 348.05624
1442.8986 1496.0463 349.34705
1437.7086 1491.761 349.06323
1430.8271 1490.2905 348.68317
1425.2421 1485.9803 348.68958
1420.7515 1480.6471 348.5866
1416.1075 1475.1318 348.4184
1411.6025 1469.7742 347.95413
1408.7793 1463.3875 347.6122
1407.5251 1456.2997 347.26163
1407.8761 1449.3458 347.45258
1407.8105 1442.3265 346.9488
1407.5905 1435.1199 346.12015
1407.775 1428.1375 345.40732
1408.1815 1420.911 345.17822
1407.686 1413.917 344.6151
1404.1537 1407.9362 343.2274
1399.9321 1402.0585 340.47513
1395.5079 1396.652 337.35663
1390.8934 1391.404 334.8982
1387.4225 1385.2903 333.51642
1381.3291 1381.9039 332.18564
1374.8077 1381.3195 330.68475
1368.793 1385.1831 328.8021
1363.4026 1389.6764 327.12927
1359.9138 1395.9568 326.0775
1357.5568 1402.5715 325.2832
1354.7999 1409.0967 324.5811
1350.6753 1414.4235 323.90277
1345.587 1419.4703 323.2763
1342.2487 1425.4998 323.63892
1335.6107 1428.2417 323.25806
1328.5948 1429.4514 320.62662
1321.7258 1429.421 318.2892
1314.4198 1429.5878 316.19797
1307.3936 1429.7482 315.26672
1300.5494 1429.9043 315.04312
1293.4253 1430.0669 315.03897
1286.0912 1430.2344 314.29553
1279.0089 1430.3948 313.51178
1272.1031 1430.4762 313.90024
1265.0336 1430.5543 314.72055
1257.796 1430.6342 314.60382
1250.6705 1430.7129 312.7412
1243.7689 1430.7891 310.81555
1236.6294 1430.8679 309.7656
1229.5178 1430.9464 309.47885
1222.4202 1431.0248 310.2664
1215.5046 1431.1011 310.93494
1208.2251 1431.1814 310.724
1201.5355 1432.1022 310.08484
1195.8451 1436.0913 309.29214
1189.3423 1439.1178 309.33572
1183.2262 1436.8221 309.44473
1177.1809 1432.9706 308.09204
1171.1659 1428.9702 307.5616
1165.4688 1424.879 308.91357
1159.6223 1420.6597 310.00858
1153.9121 1416.5387 310.2223
1148.204 1412.5593 310.55527
1141.797 1409.192 311.98145
1135.2861 1406.7614 314.0269
1128.205 1407.0625 315.16403
1121.1382 1407.7733 315.089
1114.4296 1408.8743 314.4485
1107.715 1406.9639 314.68857
1102.3424 1402.8823 315.47617
1099.7704 1396.372 316.41827
1097.2402 1389.8453 317.7563
1094.6602 1383.0828 318.58844
1092.31 1376.4918 318.66724
1091.0734 1369.4054 318.26843
1091.2682 1362.3942 316.9158
1091.4652 1355.4109 316.1495
1091.6694 1348.1758 316.04654
1091.316 1341.3068 316.5671
1093.92 1334.925 317.49356
1098.7426 1329.8414 318.39267
1105.428 1330.2535 317.80518
1112.4996 1331.8604 317.542
1119.3313 1333.4491 316.97208
1126.028 1335.4021 316.00327
1132.8657 1337.0652 314.77512
1137.6876 1341.3256 313.65613
1138.8356 1348.4717 313.22482
1139.9257 1355.3864 312.92294
1141.0659 1362.5198 312.4102
1142.1853 1369.444 312.04575
1143.3003 1376.3403 311.8224
1143.3574 1383.3813 311.60303
1138.8182 1388.6279 311.8467
1132.9764 1392.8527 313.97647
1126.646 1395.2946 315.0619
1121.3909 1399.8955 315.1164
1116.8762 1405.5286 314.72562
1116.9016 1412.0023 314.4811
1119.0118 1418.6766 313.96027
1121.2635 1425.5406 313.1621
1123.4716 1432.1832 312.7418
1125.6902 1439.0728 313.24414
1127.7894 1445.765 313.9424
1129.5347 1452.5289 314.16998
1131.3728 1459.5276 314.85675
1133.7848 1466.0979 315.88113
1136.3263 1472.6052 314.23224
1138.8478 1479.3885 310.27982
1141.115 1486.026 308.6542
1143.6088 1492.5613 307.38895
1145.0563 1499.3448 306.30252
1146.6785 1506.1478 305.46902
1150.4788 1511.883 305.00693
1156.8287 1514.033 303.9988
1163.8119 1514.2301 302.60318
1171.0485 1514.3079 302.7204
1178.0833 1514.0576 303.62714
1184.9987 1513.182 304.53888
1191.4684 1510.254 305.34503
1195.5646 1504.6047 305.41995
1196.9335 1497.8494 304.43326
1195.8083 1490.7236 303.99527
1194.3671 1483.8737 304.4982
1192.8767 1476.7908 304.85876
1191.5082 1469.8973 305.4268
1191.1982 1462.7354 305.79544
1192.727 1455.9257 306.50024
1195.1458 1449.3671 307.19458
1198.4386 1442.9255 308.50525
1202.2887 1437.1016 310.02527
1207.0686 1431.9985 310.71616
1212.6117 1427.2811 310.279
1218.0085 1422.8892 309.10464
1223.6276 1418.332 309.40067
1228.0112 1413.2615 310.1171
1231.7145 1407.3315 310.46213
1235.956 1401.4668 310.43573
1242.882 1400.4512 310.99887
1250.0519 1399.5681 311.84528
1257.0455 1398.7456 311.28183
1263.9777 1398.1656 309.96848
1271.143 1398.9498 310.17526
1277.9498 1400.5544 312.7281
1284.7352 1402.2742 314.33188
1291.7654 1404.1101 315.66913
1298.4967 1405.8716 315.22577
1305.2687 1407.6438 315.29968
1312.2076 1409.6613 316.66373
1317.4257 1413.7894 317.89813
1318.411 1420.6775 318.47827
1316.7477 1427.262 317.13318
1312.5436 1432.7238 315.453
1311.3624 1439.8132 315.6547
1310.8887 1446.8252 316.42563
1307.4633 1452.6779 317.46915
1303.8594 1457.9567 317.58224
1296.7139 1459.2388 315.69205
1289.6445 1460.2408 312.87036
1282.5715 1461.216 311.32596
1275.7003 1462.6758 311.28595
1269.2606 1465.542 312.02435
1262.997 1468.6356 311.8401
1256.4948 1471.8472 310.48074
1250.2437 1474.9346 309.58017
1243.754 1478.1399 310.76025
1237.4778 1481.2397 310.55185
1230.9595 1483.0933 307.51535
1223.8795 1482.587 309.03333
1216.7717 1482.0789 306.2731
1216.7009 1482.0739 306.21985
1212.3151 1480.1545 307.32913
1205.7739 1477.2573 307.5351
1199.1173 1474.7273 306.6542
1192.3204 1473.1027 305.2221
1187.209 1469.0632 304.86182
1192.9811 1470.5604 305.62982
1195.9656 1476.8557 305.62128
1200.0985 1482.7894 305.7406
1206.417 1483.6387 306.15396
1213.6127 1482.8644 306.1553
1220.5648 1481.9355 306.54846
1227.4835 1481.0111 307.9219
1234.6716 1480.0508 308.29556
1241.6047 1479.1244 309.84152
1248.7512 1478.1696 309.62323
1255.6896 1477.2426 310.13974
1258.007 1476.9329 310.73956
1263.2579 1476.2313 311.8131
1270.2838 1474.6361 313.11588
1275.5471 1470.4883 313.2483
1280.8809 1465.6185 312.24817
1286.5114 1462.0905 312.01367
1293.5237 1462.2422 314.039
1300.7607 1462.3539 316.42972
1307.7607 1462.3707 317.3392
1314.9847 1462.3871 317.85333
1321.984 1462.2938 318.94653
1328.983 1462.1722 320.09998
1336.2479 1462.046 321.31146
1343.4429 1461.921 322.4607
1350.4418 1461.7994 323.4511
1357.4408 1461.6779 324.51416
1364.7057 1461.5516 324.55014
1371.6766 1461.4305 324.36646
1376.4474 1461.3477 324.64682
1380.0984 1461.2842 324.71652
1386.2334 1461.139 325.3866
1392.3118 1460.9618 326.5107
1398.2604 1460.8541 327.98132
1404.1984 1460.8209 329.8597
1410.3386 1460.7773 331.348
1416.2988 1460.6404 333.48828
1422.4473 1460.423 335.58948
1428.3927 1460.1888 337.60965
1434.3395 1459.9921 339.75696
1440.4764 1459.789 341.69937
1446.4827 1459.5902 342.29932
1452.5721 1459.3888 342.58392
1458.5546 1459.1908 342.7707
1464.4657 1458.9952 342.7934
1470.4124 1458.7985 342.7934
1476.5494 1458.5953 342.7934
1482.6984 1458.3918 342.7934
1488.657 1458.1947 342.7934
1494.6276 1457.9972 343.3396
1500.7408 1457.7957 346.7216
1506.644 1458.3853 349.81946
1512.374 1459.4862 352.01746
1516.2943 1463.5151 352.03464
1518.0063 1469.2109 352.0361
1520.3193 1474.5957 352.04507
1518.6187 1477.7202 352.04022
